id	at_bats	hits
0	323	47
1	35	10
2	34	10
3	317	94
4	254	93
5	339	71
6	275	100
7	318	124
8	306	103
9	33	8
10	288	80
11	10	3
12	321	69
13	19	9
14	290	147
15	42	4
16	23	1
17	333	84
18	278	115
19	333	141
20	326	153
21	34	16
22	238	82
23	251	62
24	256	49
25	296	94
26	32	14
27	277	92
28	312	55
29	336	95
30	319	106
31	320	34
32	288	87
33	325	66
34	46	11
35	317	100
36	41	13
37	303	107
38	340	110
39	282	133
40	308	81
41	263	54
42	285	82
43	234	69
44	45	16
45	251	62
46	351	59
47	296	81
48	304	114
49	300	121
50	271	87
51	246	55
52	27	9
53	316	105
54	313	55
55	262	82
56	353	98
57	337	71
58	335	94
59	352	95
60	259	80
61	258	78
62	323	37
63	264	51
64	323	94
65	324	163
66	345	122
67	331	84
68	271	38
69	307	18
70	291	72
71	258	106
72	227	43
73	226	59
74	29	16
75	360	156
76	308	122
77	307	102
78	291	109
79	17	5
80	268	39
81	252	100
82	303	113
83	306	111
84	40	16
85	277	49
86	320	46
87	284	118
88	310	97
89	311	91
90	325	83
91	287	77
92	324	91
93	372	23
94	293	44
95	297	143
96	299	39
97	46	16
98	44	12
99	16	6
100	378	110
101	282	104
102	321	73
103	309	25
104	257	120
105	298	75
106	293	84
107	360	66
108	317	90
109	302	115
110	302	51
111	313	77
112	291	91
113	310	123
114	312	52
115	269	122
116	355	68
117	291	135
118	283	60
119	297	78
120	328	104
121	351	100
122	319	59
123	319	36
124	277	76
125	16	6
126	312	130
127	317	56
128	325	71
129	26	12
130	293	116
131	277	115
132	326	90
133	307	57
134	314	38
135	301	168
136	314	133
137	33	3
138	25	10
139	36	18
140	350	143
141	337	91
142	304	88
143	19	11
144	298	88
145	30	6
146	345	120
147	261	49
148	342	56
149	316	152
150	244	24
151	283	65
152	46	12
153	326	68
154	16	5
155	24	5
156	321	146
157	275	121
158	253	77
159	322	81
160	300	114
161	266	67
162	209	89
163	298	115
164	325	130
165	291	127
166	293	69
167	327	70
168	285	59
169	312	69
170	295	93
171	28	8
172	288	51
173	29	5
174	319	68
175	304	76
176	337	153
177	298	121
178	290	93
179	279	124
180	18	3
181	341	92
182	290	107
183	355	121
184	21	9
185	280	97
186	290	113
187	298	127
188	347	33
189	315	80
190	342	96
191	297	44
192	322	138
193	302	128
194	273	36
195	335	30
196	339	101
197	333	110
198	328	55
199	300	14
200	286	105
201	289	55
202	315	98
203	323	104
204	292	80
205	296	35
206	302	114
207	338	151
208	275	98
209	331	80
210	344	121
211	308	71
212	242	77
213	325	122
214	309	109
215	274	88
216	276	95
217	323	140
218	305	94
219	301	62
220	37	12
221	25	11
222	261	42
223	281	95
224	264	31
225	250	101
226	287	112
227	14	3
228	298	120
229	36	7
230	270	78
231	286	71
232	25	7
233	264	75
234	343	66
235	50	6
236	26	13
237	268	86
238	289	88
239	307	107
240	292	76
241	224	63
242	269	84
243	40	16
244	302	89
245	309	88
246	280	99
247	308	95
248	242	63
249	283	121
250	305	118
251	271	70
252	261	87
253	34	18
254	274	75
255	26	7
256	311	85
257	300	55
258	292	112
259	35	10
260	291	136
261	287	63
262	301	127
263	14	1
264	328	45
265	286	38
266	338	56
267	320	90
268	314	37
269	288	105
270	342	139
271	33	10
272	33	7
273	301	86
274	266	147
275	288	57
276	301	118
277	301	64
278	360	83
279	302	53
280	299	107
281	272	149
282	279	53
283	27	5
284	267	97
285	31	9
286	319	123
287	328	130
288	315	90
289	304	114
290	300	44
291	306	20
292	304	152
293	334	128
294	282	89
295	25	4
296	267	54
297	21	7
298	340	29
299	338	100
300	302	145
301	242	102
302	286	83
303	336	62
304	254	106
305	301	85
306	301	73
307	20	10
308	344	128
309	340	68
310	292	65
311	312	67
312	360	83
313	299	85
314	312	125
315	241	61
316	305	85
317	22	12
318	334	80
319	397	118
320	264	151
321	257	98
322	289	91
323	282	49
324	252	85
325	45	20
326	264	38
327	364	183
328	301	73
329	286	74
330	329	82
331	305	145
332	286	69
333	284	80
334	361	156
335	306	107
336	40	18
337	20	8
338	316	118
339	326	142
340	274	113
341	281	88
342	297	109
343	292	92
344	33	14
345	382	66
346	26	8
347	351	78
348	335	122
349	350	136
350	311	76
351	316	92
352	333	75
353	275	72
354	328	84
355	274	83
356	302	118
357	312	40
358	311	105
359	283	105
360	320	124
361	330	86
362	21	1
363	31	15
364	330	56
365	385	104
366	334	99
367	268	73
368	318	132
369	345	49
370	31	13
371	43	20
372	18	8
373	287	71
374	289	66
375	326	116
376	44	22
377	332	109
378	43	18
379	304	58
380	344	117
381	319	85
382	265	61
383	344	141
384	272	70
385	273	84
386	223	68
387	339	150
388	29	4
389	319	75
390	29	1
391	335	95
392	338	104
393	309	50
394	325	142
395	19	2
396	37	10
397	240	55
398	265	106
399	49	17
400	293	81
401	352	54
402	19	11
403	299	68
404	241	78
405	293	60
406	268	114
407	371	71
408	318	159
409	282	112
410	277	47
411	341	95
412	353	124
413	281	104
414	320	97
415	339	132
416	269	77
417	322	102
418	33	4
419	320	84
420	30	10
421	355	138
422	42	19
423	329	104
424	328	110
425	307	95
426	301	70
427	307	89
428	260	54
429	26	4
430	307	104
431	302	135
432	272	84
433	337	80
434	46	13
435	281	82
436	329	98
437	343	112
438	304	73
439	271	100
440	321	93
441	36	12
442	306	102
443	245	98
444	333	83
445	326	79
446	242	38
447	292	90
448	274	69
449	26	6
450	324	93
451	331	100
452	57	13
453	239	71
454	295	150
455	43	15
456	352	118
457	251	64
458	271	38
459	281	52
460	333	100
461	329	56
462	299	150
463	321	65
464	24	4
465	244	60
466	351	88
467	331	105
468	282	93
469	254	80
470	292	72
471	262	72
472	321	79
473	279	56
474	298	84
475	265	50
476	300	74
477	329	148
478	317	87
479	306	122
480	287	22
481	296	32
482	327	123
483	329	114
484	313	138
485	305	33
486	38	14
487	377	89
488	282	94
489	31	4
490	207	74
491	275	133
492	274	104
493	289	103
494	338	17
495	36	11
496	316	99
497	330	90
498	341	87
499	281	104
500	24	3
501	322	121
502	342	66
503	332	33
504	296	103
505	321	31
506	309	116
507	24	3
508	316	70
509	326	64
510	287	102
511	300	82
512	321	126
513	377	88
514	316	71
515	303	64
516	334	120
517	279	71
518	292	29
519	321	89
520	313	82
521	293	82
522	299	91
523	279	56
524	308	100
525	21	5
526	276	62
527	42	20
528	291	80
529	276	105
530	259	70
531	319	112
532	266	103
533	34	7
534	281	30
535	353	123
536	335	124
537	248	28
538	276	115
539	26	4
540	298	78
541	24	7
542	260	30
543	308	132
544	324	147
545	280	52
546	350	43
547	318	121
548	275	91
549	316	79
550	287	67
551	285	47
552	367	135
553	264	87
554	280	66
555	294	80
556	338	102
557	328	67
558	33	11
559	298	108
560	318	122
561	326	95
562	315	83
563	309	55
564	288	100
565	308	56
566	302	94
567	312	81
568	376	65
569	275	75
570	300	122
571	271	136
572	344	119
573	244	76
574	259	108
575	376	82
576	307	68
577	309	15
578	350	93
579	297	92
580	286	75
581	42	7
582	352	126
583	312	127
584	24	8
585	10	3
586	297	75
587	305	134
588	312	126
589	348	157
590	277	97
591	31	3
592	317	60
593	317	124
594	250	27
595	329	96
596	332	78
597	285	49
598	282	105
599	322	90
600	332	149
601	298	99
602	326	82
603	27	7
604	289	92
605	42	13
606	26	5
607	40	11
608	350	65
609	296	144
610	41	6
611	308	87
612	327	88
613	324	126
614	344	103
615	264	113
616	312	125
617	325	120
618	305	73
619	348	123
620	291	68
621	322	96
622	287	79
623	297	13
624	10	6
625	267	74
626	332	92
627	23	8
628	290	96
629	308	79
630	295	98
631	344	158
632	38	11
633	18	1
634	306	89
635	308	39
636	314	62
637	301	85
638	8	1
639	27	3
640	18	2
641	41	9
642	323	66
643	30	15
644	302	102
645	270	88
646	352	74
647	279	109
648	303	63
649	261	119
650	271	49
651	321	113
652	331	83
653	383	146
654	268	26
655	241	48
656	312	82
657	295	118
658	249	108
659	253	105
660	29	18
661	310	114
662	301	60
663	242	91
664	335	116
665	34	14
666	231	28
667	38	3
668	301	123
669	290	58
670	335	116
671	281	109
672	41	20
673	25	8
674	314	83
675	287	39
676	305	138
677	327	128
678	256	21
679	342	145
680	273	72
681	298	105
682	279	66
683	263	81
684	29	4
685	248	72
686	304	141
687	233	97
688	292	92
689	280	98
690	339	77
691	303	97
692	285	73
693	206	55
694	269	90
695	26	3
696	315	56
697	255	60
698	306	75
699	280	87
700	307	66
701	277	62
702	30	9
703	22	7
704	300	123
705	37	17
706	292	179
707	293	93
708	320	78
709	13	4
710	260	82
711	45	18
712	310	99
713	324	100
714	287	62
715	9	5
716	272	55
717	262	99
718	42	11
719	23	3
720	298	114
721	259	67
722	309	104
723	278	94
724	332	72
725	288	118
726	278	53
727	244	93
728	29	7
729	365	82
730	44	19
731	274	80
732	33	13
733	36	7
734	229	108
735	26	6
736	328	117
737	290	94
738	283	151
739	47	22
740	330	144
741	308	102
742	15	8
743	206	59
744	284	63
745	301	106
746	252	105
747	268	62
748	316	120
749	310	120
750	361	124
751	255	76
752	38	8
753	337	103
754	287	116
755	336	72
756	357	135
757	320	54
758	277	78
759	336	178
760	293	59
761	26	11
762	239	72
763	311	80
764	259	101
765	285	83
766	303	29
767	347	96
768	308	123
769	323	119
770	260	117
771	301	137
772	298	108
773	335	45
774	39	14
775	303	113
776	280	75
777	301	95
778	315	69
779	290	28
780	25	2
781	28	7
782	234	55
783	339	114
784	277	73
785	248	94
786	339	133
787	377	60
788	300	122
789	23	2
790	25	2
791	306	19
792	336	125
793	316	53
794	312	121
795	381	131
796	284	132
797	292	88
798	309	152
799	244	61
800	31	6
801	299	81
802	323	84
803	12	5
804	275	90
805	309	112
806	27	8
807	320	123
808	31	14
809	305	150
810	360	57
811	267	51
812	324	83
813	284	0
814	327	81
815	304	59
816	35	13
817	366	79
818	287	92
819	343	115
820	339	89
821	319	76
822	278	48
823	301	91
824	27	6
825	321	115
826	283	70
827	319	167
828	322	95
829	20	7
830	244	86
831	303	133
832	324	69
833	294	116
834	273	131
835	36	9
836	296	135
837	278	70
838	294	106
839	333	72
840	282	69
841	324	133
842	307	67
843	326	155
844	44	14
845	367	135
846	305	138
847	41	10
848	315	80
849	348	111
850	215	94
851	324	100
852	35	11
853	315	76
854	308	99
855	305	93
856	294	22
857	25	6
858	303	99
859	300	78
860	303	45
861	39	15
862	276	88
863	286	58
864	304	84
865	299	114
866	269	55
867	28	4
868	287	105
869	265	63
870	320	126
871	19	4
872	319	38
873	261	80
874	349	84
875	254	79
876	290	59
877	289	116
878	330	115
879	35	4
880	26	9
881	324	133
882	287	120
883	275	116
884	275	66
885	310	66
886	298	105
887	272	106
888	276	51
889	316	119
890	350	76
891	11	4
892	300	72
893	259	59
894	305	102
895	308	41
896	328	89
897	14	8
898	326	107
899	289	129
900	373	73
901	264	125
902	11	4
903	34	3
904	266	51
905	27	8
906	327	85
907	316	69
908	26	3
909	307	122
910	16	6
911	268	124
912	304	95
913	302	117
914	297	63
915	284	110
916	42	13
917	296	77
918	45	17
919	290	68
920	300	66
921	269	72
922	312	109
923	323	109
924	328	174
925	284	77
926	332	71
927	280	112
928	29	8
929	285	71
930	296	44
931	259	87
932	314	25
933	22	2
934	304	105
935	304	55
936	297	95
937	307	89
938	303	103
939	290	130
940	256	72
941	295	70
942	311	103
943	261	74
944	307	35
945	20	5
946	266	41
947	271	82
948	302	136
949	31	9
950	274	80
951	303	133
952	27	15
953	289	63
954	279	92
955	305	123
956	246	76
957	21	6
958	19	6
959	355	103
960	21	9
961	297	36
962	260	88
963	271	69
964	361	171
965	262	86
966	42	13
967	281	129
968	304	41
969	252	100
970	217	44
971	35	5
972	6	0
973	29	12
974	313	90
975	282	122
976	285	55
977	34	4
978	31	15
979	281	92
980	342	88
981	321	64
982	303	101
983	317	158
984	15	5
985	322	146
986	318	88
987	272	139
988	284	27
989	306	105
990	318	67
991	352	101
992	37	12
993	303	150
994	331	70
995	29	11
996	19	1
997	325	124
998	314	59
999	299	100
1000	28	13
1001	304	107
1002	265	59
1003	293	34
1004	284	80
1005	286	68
1006	284	41
1007	338	101
1008	34	6
1009	38	8
1010	305	134
1011	275	110
1012	288	75
1013	288	86
1014	294	72
1015	259	104
1016	315	95
1017	318	122
1018	337	128
1019	317	107
1020	20	8
1021	308	110
1022	273	56
1023	268	76
1024	339	110
1025	289	84
1026	332	118
1027	308	108
1028	311	149
1029	322	73
1030	36	13
1031	282	61
1032	52	21
1033	325	136
1034	313	51
1035	46	17
1036	258	73
1037	310	26
1038	302	122
1039	322	121
1040	270	48
1041	291	37
1042	285	30
1043	285	102
1044	324	75
1045	285	108
1046	290	96
1047	278	58
1048	18	6
1049	21	6
1050	363	74
1051	309	42
1052	249	63
1053	317	68
1054	24	6
1055	40	13
1056	290	84
1057	294	86
1058	325	75
1059	28	7
1060	325	123
1061	308	55
1062	329	85
1063	299	58
1064	39	8
1065	40	15
1066	269	93
1067	381	134
1068	295	112
1069	274	159
1070	284	53
1071	312	83
1072	306	113
1073	272	39
1074	280	86
1075	291	99
1076	329	25
1077	264	85
1078	306	55
1079	307	1
1080	272	80
1081	308	67
1082	237	90
1083	265	81
1084	343	36
1085	255	79
1086	27	1
1087	268	61
1088	267	125
1089	289	28
1090	33	4
1091	20	8
1092	320	134
1093	303	70
1094	28	5
1095	321	95
1096	251	97
1097	321	114
1098	262	55
1099	338	129
1100	303	99
1101	43	6
1102	270	42
1103	365	131
1104	298	47
1105	252	50
1106	304	140
1107	282	47
1108	267	72
1109	377	111
1110	302	70
1111	309	62
1112	23	3
1113	348	86
1114	278	88
1115	42	6
1116	274	85
1117	256	79
1118	226	89
1119	325	66
1120	299	91
1121	293	64
1122	39	28
1123	57	25
1124	330	68
1125	237	74
1126	289	118
1127	297	89
1128	235	113
1129	280	118
1130	21	6
1131	293	5
1132	350	60
1133	331	92
1134	329	3
1135	26	14
1136	33	11
1137	312	18
1138	297	125
1139	41	9
1140	278	121
1141	258	66
1142	285	90
1143	286	107
1144	311	110
1145	304	111
1146	288	78
1147	237	97
1148	310	116
1149	338	98
1150	271	45
1151	292	132
1152	332	157
1153	266	103
1154	320	102
1155	351	64
1156	291	16
1157	316	67
1158	329	158
1159	329	122
1160	260	91
1161	312	123
1162	334	111
1163	268	62
1164	294	56
1165	319	141
1166	331	144
1167	318	88
1168	55	13
1169	323	48
1170	261	120
1171	298	89
1172	294	78
1173	285	88
1174	37	14
1175	292	115
1176	37	15
1177	259	15
1178	272	147
1179	329	144
1180	22	3
1181	290	104
1182	290	126
1183	344	129
1184	301	132
1185	312	52
1186	239	82
1187	323	129
1188	329	194
1189	330	27
1190	325	101
1191	260	60
1192	315	95
1193	335	137
1194	295	126
1195	36	10
1196	331	82
1197	307	131
1198	294	89
1199	266	75
1200	22	10
1201	293	58
1202	245	67
1203	24	8
1204	30	13
1205	306	62
1206	318	133
1207	344	52
1208	298	94
1209	288	84
1210	278	59
1211	315	45
1212	32	13
1213	355	105
1214	286	71
1215	288	47
1216	29	0
1217	311	92
1218	37	18
1219	285	65
1220	300	63
1221	270	25
1222	244	39
1223	291	117
1224	338	156
1225	275	98
1226	293	128
1227	32	9
1228	328	121
1229	267	48
1230	301	118
1231	340	105
1232	291	19
1233	17	2
1234	398	171
1235	322	73
1236	321	62
1237	326	89
1238	275	116
1239	34	12
1240	296	56
1241	252	68
1242	278	54
1243	277	84
1244	36	13
1245	334	34
1246	285	122
1247	331	132
1248	267	94
1249	289	88
1250	292	0
1251	43	19
1252	308	120
1253	344	66
1254	20	8
1255	30	1
1256	295	95
1257	314	99
1258	304	101
1259	264	95
1260	330	76
1261	292	165
1262	324	78
1263	275	57
1264	255	88
1265	292	64
1266	272	79
1267	356	136
1268	264	78
1269	260	107
1270	323	97
1271	13	5
1272	305	90
1273	301	66
1274	272	82
1275	279	94
1276	333	95
1277	267	76
1278	323	57
1279	325	108
1280	298	15
1281	21	7
1282	239	94
1283	303	105
1284	241	95
1285	308	61
1286	363	48
1287	319	49
1288	37	6
1289	356	178
1290	32	6
1291	31	4
1292	286	87
1293	285	87
1294	40	18
1295	299	76
1296	251	54
1297	303	89
1298	342	102
1299	290	75
1300	288	77
1301	324	72
1302	277	34
1303	314	113
1304	278	99
1305	334	95
1306	257	72
1307	324	148
1308	310	101
1309	315	43
1310	300	117
1311	306	123
1312	331	81
1313	330	142
1314	287	31
1315	230	104
1316	57	7
1317	38	13
1318	332	88
1319	313	114
1320	296	81
1321	309	61
1322	351	142
1323	264	53
1324	265	34
1325	307	99
1326	328	91
1327	295	68
1328	306	71
1329	328	78
1330	313	85
1331	24	4
1332	17	6
1333	331	162
1334	331	52
1335	273	93
1336	31	8
1337	278	89
1338	336	130
1339	304	51
1340	320	39
1341	354	172
1342	19	7
1343	266	40
1344	344	111
1345	53	15
1346	58	14
1347	309	110
1348	17	5
1349	316	156
1350	308	54
1351	314	90
1352	328	84
1353	285	74
1354	285	138
1355	338	169
1356	325	13
1357	317	112
1358	275	81
1359	296	70
1360	39	12
1361	280	119
1362	272	97
1363	298	59
1364	380	165
1365	301	41
1366	351	91
1367	290	82
1368	309	96
1369	301	71
1370	321	100
1371	303	94
1372	328	86
1373	311	107
1374	315	127
1375	36	11
1376	277	138
1377	236	73
1378	305	66
1379	291	72
1380	38	7
1381	20	7
1382	26	9
1383	303	93
1384	248	90
1385	12	5
1386	292	98
1387	319	111
1388	271	55
1389	306	118
1390	28	5
1391	327	63
1392	253	90
1393	297	69
1394	337	94
1395	321	87
1396	317	66
1397	293	109
1398	20	8
1399	339	69
1400	264	94
1401	265	79
1402	296	96
1403	228	77
1404	219	87
1405	267	105
1406	349	140
1407	322	45
1408	338	170
1409	301	94
1410	343	106
1411	283	109
1412	267	72
1413	294	49
1414	294	85
1415	35	14
1416	292	72
1417	293	98
1418	274	42
1419	289	140
1420	216	84
1421	302	89
1422	331	78
1423	321	116
1424	293	43
1425	348	133
1426	331	114
1427	23	5
1428	268	36
1429	255	61
1430	331	127
1431	296	77
1432	311	97
1433	277	94
1434	328	72
1435	269	75
1436	21	5
1437	301	90
1438	281	91
1439	30	5
1440	24	8
1441	306	50
1442	278	117
1443	280	109
1444	281	101
1445	41	21
1446	45	13
1447	283	71
1448	23	10
1449	265	96
1450	219	67
1451	312	78
1452	281	100
1453	246	42
1454	345	91
1455	330	83
1456	273	74
1457	26	4
1458	312	103
1459	25	12
1460	295	146
1461	306	100
1462	0	0
1463	288	100
1464	343	111
1465	302	75
1466	290	60
1467	291	93
1468	315	90
1469	263	103
1470	29	5
1471	283	102
1472	24	7
1473	29	11
1474	282	116
1475	320	75
1476	41	7
1477	31	13
1478	350	107
1479	313	70
1480	324	59
1481	318	51
1482	309	76
1483	294	109
1484	323	94
1485	32	2
1486	316	95
1487	37	6
1488	305	53
1489	30	13
1490	345	76
1491	312	84
1492	252	109
1493	294	38
1494	259	104
1495	285	93
1496	306	175
1497	317	79
1498	330	85
1499	34	8
1500	306	85
1501	341	129
1502	286	117
1503	21	1
1504	323	82
1505	349	100
1506	17	3
1507	308	98
1508	264	31
1509	31	7
1510	306	115
1511	323	134
1512	327	99
1513	35	8
1514	316	128
1515	32	9
1516	340	128
1517	343	97
1518	278	88
1519	31	6
1520	314	95
1521	266	112
1522	284	68
1523	315	88
1524	366	101
1525	279	87
1526	303	93
1527	309	55
1528	348	79
1529	273	88
1530	325	133
1531	23	9
1532	283	122
1533	279	130
1534	313	62
1535	49	18
1536	327	150
1537	335	62
1538	40	14
1539	36	11
1540	376	101
1541	309	68
1542	295	111
1543	242	53
1544	327	57
1545	250	137
1546	300	63
1547	306	75
1548	281	88
1549	319	89
1550	22	4
1551	293	17
1552	310	83
1553	8	2
1554	265	121
1555	307	94
1556	280	61
1557	324	102
1558	286	53
1559	29	5
1560	239	79
1561	266	64
1562	338	59
1563	310	73
1564	309	47
1565	221	99
1566	268	62
1567	289	98
1568	306	61
1569	287	92
1570	337	80
1571	298	78
1572	22	4
1573	301	116
1574	302	100
1575	293	128
1576	273	105
1577	19	8
1578	277	45
1579	285	94
1580	307	126
1581	33	13
1582	30	16
1583	293	108
1584	300	87
1585	39	7
1586	330	92
1587	294	26
1588	319	103
1589	27	4
1590	246	70
1591	302	78
1592	302	73
1593	307	80
1594	284	67
1595	320	86
1596	347	78
1597	24	2
1598	320	120
1599	335	114
1600	256	75
1601	23	6
1602	331	133
1603	293	8
1604	268	17
1605	288	106
1606	363	74
1607	285	91
1608	323	170
1609	228	76
1610	41	9
1611	308	61
1612	298	82
1613	332	43
1614	262	67
1615	35	16
1616	352	64
1617	263	97
1618	268	101
1619	291	114
1620	310	68
1621	314	124
1622	302	69
1623	310	39
1624	22	8
1625	48	4
1626	21	6
1627	249	27
1628	316	110
1629	275	126
1630	305	78
1631	295	95
1632	29	8
1633	358	85
1634	51	19
1635	305	94
1636	47	17
1637	255	92
1638	305	56
1639	285	83
1640	315	46
1641	298	109
1642	314	113
1643	300	86
1644	314	123
1645	311	129
1646	329	94
1647	293	130
1648	32	8
1649	303	74
1650	273	28
1651	335	132
1652	354	123
1653	326	111
1654	293	85
1655	318	91
1656	327	70
1657	323	87
1658	23	8
1659	30	4
1660	323	88
1661	303	65
1662	46	22
1663	286	126
1664	269	75
1665	270	96
1666	252	55
1667	41	9
1668	338	73
1669	13	1
1670	278	94
1671	312	113
1672	32	10
1673	33	7
1674	314	101
1675	28	9
1676	313	111
1677	304	47
1678	11	3
1679	269	100
1680	25	9
1681	300	143
1682	16	4
1683	296	144
1684	22	4
1685	272	146
1686	236	42
1687	292	109
1688	38	6
1689	289	97
1690	324	86
1691	285	136
1692	281	65
1693	298	99
1694	256	114
1695	262	43
1696	314	43
1697	313	95
1698	277	83
1699	346	150
1700	282	92
1701	283	96
1702	318	117
1703	286	85
1704	250	107
1705	309	102
1706	289	123
1707	331	163
1708	283	89
1709	263	132
1710	224	70
1711	246	83
1712	11	4
1713	312	99
1714	264	13
1715	264	104
1716	295	68
1717	296	101
1718	316	104
1719	318	67
1720	293	93
1721	284	105
1722	296	89
1723	288	143
1724	241	138
1725	312	33
1726	312	61
1727	325	84
1728	258	73
1729	283	80
1730	273	131
1731	245	119
1732	352	43
1733	269	97
1734	384	118
1735	283	67
1736	299	69
1737	336	154
1738	318	116
1739	262	105
1740	25	9
1741	339	46
1742	335	116
1743	28	9
1744	25	7
1745	295	121
1746	285	97
1747	296	99
1748	26	9
1749	46	16
1750	287	52
1751	305	164
1752	24	1
1753	294	132
1754	289	77
1755	40	10
1756	268	70
1757	33	14
1758	316	78
1759	321	76
1760	238	79
1761	308	104
1762	268	82
1763	331	99
1764	292	62
1765	321	79
1766	304	88
1767	29	6
1768	284	126
1769	290	159
1770	348	88
1771	271	115
1772	33	7
1773	287	125
1774	298	100
1775	306	136
1776	354	127
1777	358	50
1778	23	7
1779	16	5
1780	292	53
1781	23	8
1782	262	106
1783	295	105
1784	218	97
1785	327	125
1786	300	29
1787	354	102
1788	38	20
1789	320	91
1790	325	130
1791	302	137
1792	10	2
1793	333	141
1794	289	105
1795	315	78
1796	357	135
1797	56	27
1798	320	84
1799	296	80
1800	298	85
1801	301	66
1802	286	122
1803	348	77
1804	286	98
1805	266	90
1806	27	8
1807	323	129
1808	33	6
1809	278	66
1810	47	5
1811	295	117
1812	14	2
1813	327	130
1814	335	98
1815	305	116
1816	261	130
1817	277	108
1818	324	91
1819	292	78
1820	33	6
1821	343	132
1822	274	46
1823	300	96
1824	263	94
1825	319	34
1826	245	53
1827	277	78
1828	344	147
1829	32	0
1830	338	180
1831	268	76
1832	280	106
1833	312	73
1834	304	43
1835	308	79
1836	35	11
1837	301	111
1838	314	62
1839	302	17
1840	288	106
1841	33	9
1842	332	43
1843	42	14
1844	281	78
1845	279	161
1846	287	94
1847	287	146
1848	23	8
1849	275	61
1850	17	7
1851	292	47
1852	304	136
1853	27	10
1854	312	117
1855	290	131
1856	308	74
1857	29	10
1858	297	134
1859	302	52
1860	301	53
1861	28	10
1862	292	95
1863	309	82
1864	34	15
1865	261	136
1866	11	4
1867	314	56
1868	40	7
1869	31	15
1870	211	29
1871	294	60
1872	341	98
1873	285	123
1874	342	82
1875	281	101
1876	316	86
1877	270	127
1878	350	72
1879	336	48
1880	293	46
1881	288	88
1882	304	92
1883	27	11
1884	301	97
1885	275	64
1886	26	3
1887	305	114
1888	306	72
1889	269	81
1890	36	7
1891	305	63
1892	285	122
1893	293	107
1894	279	57
1895	299	85
1896	326	100
1897	336	53
1898	338	132
1899	300	118
1900	286	76
1901	296	102
1902	303	33
1903	36	9
1904	313	67
1905	279	93
1906	283	77
1907	29	7
1908	303	130
1909	307	90
1910	331	72
1911	27	11
1912	331	98
1913	282	105
1914	322	95
1915	309	68
1916	306	36
1917	15	3
1918	289	113
1919	353	81
1920	264	71
1921	282	44
1922	337	86
1923	320	78
1924	302	65
1925	36	9
1926	353	86
1927	346	103
1928	282	98
1929	342	137
1930	272	39
1931	300	124
1932	33	5
1933	313	36
1934	291	148
1935	293	97
1936	31	6
1937	355	53
1938	295	118
1939	363	176
1940	287	90
1941	267	42
1942	248	85
1943	283	88
1944	310	76
1945	301	76
1946	336	89
1947	346	129
1948	285	125
1949	301	80
1950	14	1
1951	374	104
1952	50	9
1953	293	41
1954	307	100
1955	285	56
1956	327	69
1957	297	86
1958	295	74
1959	291	76
1960	264	43
1961	275	118
1962	320	99
1963	314	94
1964	294	9
1965	303	109
1966	336	70
1967	26	13
1968	304	84
1969	299	53
1970	377	87
1971	339	110
1972	294	112
1973	283	99
1974	274	87
1975	352	77
1976	261	105
1977	23	10
1978	342	180
1979	46	13
1980	280	99
1981	329	83
1982	288	55
1983	293	45
1984	306	117
1985	35	12
1986	219	77
1987	319	129
1988	28	7
1989	264	58
1990	19	5
1991	26	6
1992	22	7
1993	309	96
1994	284	58
1995	333	104
1996	290	98
1997	317	80
1998	273	47
1999	299	111
2000	306	111
2001	265	108
2002	314	70
2003	294	74
2004	262	88
2005	287	136
2006	295	101
2007	284	105
2008	255	61
2009	304	80
2010	281	93
2011	327	50
2012	28	10
2013	345	92
2014	257	93
2015	307	82
2016	280	78
2017	34	2
2018	331	81
2019	277	96
2020	271	44
2021	314	127
2022	288	72
2023	264	40
2024	35	16
2025	300	122
2026	30	13
2027	298	81
2028	297	93
2029	33	0
2030	34	6
2031	31	6
2032	317	102
2033	330	103
2034	276	76
2035	40	9
2036	343	83
2037	273	81
2038	309	68
2039	319	89
2040	332	138
2041	297	85
2042	257	94
2043	306	129
2044	319	131
2045	276	36
2046	314	61
2047	329	77
2048	264	109
2049	355	57
2050	20	4
2051	308	53
2052	255	85
2053	319	100
2054	259	68
2055	27	5
2056	282	75
2057	283	64
2058	317	148
2059	291	57
2060	303	3
2061	204	81
2062	254	105
2063	296	69
2064	292	93
2065	306	66
2066	40	17
2067	298	3
2068	278	116
2069	277	128
2070	308	105
2071	284	75
2072	16	5
2073	291	104
2074	344	59
2075	16	3
2076	332	127
2077	306	101
2078	281	113
2079	261	84
2080	329	83
2081	300	57
2082	37	15
2083	325	45
2084	261	82
2085	281	120
2086	313	120
2087	290	70
2088	261	45
2089	341	165
2090	265	33
2091	326	79
2092	296	109
2093	307	69
2094	27	4
2095	288	84
2096	335	105
2097	330	89
2098	21	5
2099	308	36
2100	25	9
2101	276	64
2102	263	87
2103	278	83
2104	278	70
2105	27	14
2106	287	113
2107	281	77
2108	264	69
2109	298	104
2110	330	73
2111	318	64
2112	280	93
2113	294	117
2114	37	8
2115	340	80
2116	309	80
2117	296	91
2118	313	52
2119	29	4
2120	34	8
2121	287	113
2122	317	54
2123	245	78
2124	284	60
2125	342	91
2126	297	85
2127	303	57
2128	291	133
2129	31	13
2130	293	122
2131	332	77
2132	320	65
2133	284	13
2134	266	120
2135	288	68
2136	314	51
2137	338	58
2138	307	130
2139	334	87
2140	292	89
2141	327	50
2142	243	17
2143	268	85
2144	34	4
2145	361	131
2146	330	104
2147	289	121
2148	34	12
2149	319	114
2150	29	8
2151	302	122
2152	302	98
2153	314	63
2154	285	102
2155	280	64
2156	334	126
2157	48	17
2158	327	154
2159	335	73
2160	232	51
2161	269	85
2162	299	42
2163	294	125
2164	34	9
2165	15	0
2166	297	149
2167	19	4
2168	263	91
2169	320	66
2170	301	121
2171	304	105
2172	280	119
2173	322	103
2174	305	114
2175	333	97
2176	273	52
2177	333	43
2178	317	100
2179	305	99
2180	306	99
2181	40	18
2182	321	161
2183	278	130
2184	308	151
2185	267	104
2186	296	53
2187	329	101
2188	277	121
2189	320	118
2190	293	45
2191	43	9
2192	29	4
2193	297	96
2194	342	127
2195	265	30
2196	334	122
2197	324	106
2198	292	81
2199	23	4
2200	46	9
2201	336	139
2202	323	67
2203	38	4
2204	261	74
2205	308	82
2206	254	43
2207	326	120
2208	298	112
2209	312	106
2210	257	105
2211	273	100
2212	323	98
2213	317	109
2214	26	2
2215	25	7
2216	17	5
2217	318	135
2218	259	59
2219	349	138
2220	269	26
2221	40	9
2222	348	154
2223	334	148
2224	276	47
2225	33	8
2226	309	144
2227	275	66
2228	285	59
2229	310	35
2230	293	64
2231	278	127
2232	252	76
2233	25	4
2234	278	151
2235	308	82
2236	289	66
2237	297	113
2238	330	92
2239	300	130
2240	340	53
2241	297	111
2242	31	13
2243	38	19
2244	302	90
2245	26	7
2246	232	92
2247	313	58
2248	289	112
2249	294	52
2250	349	100
2251	26	7
2252	31	6
2253	287	63
2254	316	68
2255	305	81
2256	309	78
2257	312	108
2258	37	12
2259	29	10
2260	306	79
2261	314	134
2262	309	97
2263	43	18
2264	323	79
2265	277	82
2266	297	99
2267	262	141
2268	292	61
2269	43	13
2270	283	66
2271	338	69
2272	275	105
2273	26	13
2274	27	4
2275	314	97
2276	291	55
2277	27	6
2278	29	4
2279	282	30
2280	296	88
2281	309	115
2282	6	1
2283	306	99
2284	287	46
2285	235	0
2286	320	128
2287	40	7
2288	325	108
2289	308	47
2290	218	37
2291	273	94
2292	240	54
2293	297	89
2294	284	53
2295	330	92
2296	315	73
2297	284	92
2298	331	102
2299	330	118
2300	309	100
2301	300	103
2302	24	10
2303	303	76
2304	310	51
2305	35	9
2306	315	121
2307	308	95
2308	327	110
2309	17	9
2310	216	55
2311	319	91
2312	301	79
2313	41	19
2314	328	107
2315	15	4
2316	290	81
2317	273	90
2318	50	10
2319	39	17
2320	337	96
2321	303	123
2322	25	8
2323	270	46
2324	300	107
2325	25	1
2326	294	115
2327	269	55
2328	285	68
2329	297	92
2330	313	63
2331	274	58
2332	276	127
2333	29	4
2334	304	96
2335	290	95
2336	26	9
2337	35	11
2338	32	8
2339	325	58
2340	327	91
2341	35	4
2342	23	3
2343	333	138
2344	311	88
2345	203	27
2346	268	94
2347	312	98
2348	318	67
2349	335	92
2350	263	80
2351	311	64
2352	267	73
2353	238	48
2354	298	60
2355	287	87
2356	292	80
2357	293	56
2358	308	121
2359	23	7
2360	332	93
2361	288	121
2362	31	9
2363	303	110
2364	311	66
2365	297	95
2366	262	30
2367	39	15
2368	305	117
2369	376	102
2370	22	10
2371	250	72
2372	339	73
2373	296	106
2374	294	93
2375	313	91
2376	269	73
2377	34	8
2378	285	102
2379	282	55
2380	315	54
2381	307	69
2382	295	71
2383	328	44
2384	270	51
2385	244	61
2386	259	73
2387	277	54
2388	353	107
2389	282	113
2390	287	106
2391	343	98
2392	27	8
2393	318	82
2394	301	122
2395	314	130
2396	299	91
2397	296	51
2398	285	102
2399	12	4
2400	301	120
2401	289	101
2402	265	48
2403	287	45
2404	282	29
2405	233	82
2406	307	64
2407	309	53
2408	25	1
2409	35	10
2410	273	56
2411	310	102
2412	318	152
2413	291	113
2414	327	76
2415	268	130
2416	29	9
2417	290	70
2418	303	126
2419	348	190
2420	314	97
2421	45	6
2422	274	96
2423	294	109
2424	282	72
2425	296	129
2426	19	7
2427	300	63
2428	303	95
2429	302	119
2430	324	122
2431	279	85
2432	42	8
2433	265	83
2434	252	113
2435	26	2
2436	280	107
2437	268	113
2438	34	18
2439	318	135
2440	292	118
2441	39	7
2442	290	119
2443	335	55
2444	338	97
2445	27	3
2446	42	20
2447	14	6
2448	325	63
2449	20	5
2450	338	96
2451	258	104
2452	319	59
2453	316	140
2454	287	100
2455	332	79
2456	339	121
2457	341	90
2458	355	123
2459	54	16
2460	326	71
2461	315	150
2462	310	81
2463	31	12
2464	304	97
2465	29	11
2466	349	93
2467	299	68
2468	38	12
2469	362	151
2470	319	65
2471	313	117
2472	320	65
2473	299	144
2474	305	77
2475	325	92
2476	305	115
2477	298	129
2478	16	2
2479	324	89
2480	280	75
2481	339	87
2482	285	127
2483	309	97
2484	302	121
2485	348	146
2486	22	3
2487	241	75
2488	310	117
2489	237	65
2490	318	40
2491	307	87
2492	329	128
2493	313	136
2494	322	99
2495	306	100
2496	291	144
2497	320	113
2498	273	75
2499	300	81
2500	303	124
2501	293	88
2502	278	96
2503	275	124
2504	276	91
2505	10	2
2506	315	104
2507	382	114
2508	315	124
2509	31	5
2510	309	74
2511	286	116
2512	308	46
2513	227	73
2514	33	13
2515	298	118
2516	278	61
2517	300	54
2518	41	7
2519	324	155
2520	331	103
2521	311	90
2522	25	10
2523	9	4
2524	26	5
2525	276	117
2526	32	15
2527	246	84
2528	263	101
2529	326	4
2530	31	12
2531	319	59
2532	261	70
2533	313	153
2534	27	3
2535	294	93
2536	284	48
2537	335	103
2538	13	3
2539	304	67
2540	253	53
2541	272	33
2542	25	8
2543	30	20
2544	327	99
2545	282	99
2546	321	121
2547	17	5
2548	35	8
2549	303	88
2550	333	70
2551	333	87
2552	30	6
2553	264	112
2554	324	161
2555	266	83
2556	308	122
2557	279	67
2558	320	94
2559	268	94
2560	306	92
2561	319	125
2562	294	83
2563	39	16
2564	231	80
2565	309	68
2566	281	120
2567	284	81
2568	23	4
2569	262	68
2570	296	22
2571	331	54
2572	331	112
2573	328	114
2574	31	9
2575	237	116
2576	23	8
2577	329	62
2578	289	67
2579	300	101
2580	340	113
2581	291	157
2582	35	19
2583	323	66
2584	298	96
2585	210	45
2586	316	113
2587	334	73
2588	362	80
2589	12	6
2590	290	82
2591	299	115
2592	310	71
2593	279	81
2594	255	86
2595	269	56
2596	274	79
2597	282	66
2598	269	85
2599	297	106
2600	250	84
2601	317	47
2602	36	16
2603	28	8
2604	235	100
2605	330	66
2606	339	97
2607	262	116
2608	3	1
2609	18	6
2610	276	108
2611	259	82
2612	291	81
2613	251	42
2614	35	12
2615	258	88
2616	321	90
2617	310	111
2618	239	100
2619	317	60
2620	324	101
2621	276	87
2622	262	80
2623	45	12
2624	318	111
2625	286	57
2626	263	92
2627	272	118
2628	55	11
2629	282	56
2630	355	97
2631	323	101
2632	314	96
2633	334	163
2634	264	70
2635	291	72
2636	273	83
2637	322	60
2638	287	111
2639	264	97
2640	248	48
2641	278	102
2642	13	3
2643	260	62
2644	293	46
2645	325	117
2646	293	103
2647	288	93
2648	291	110
2649	248	76
2650	280	64
2651	339	133
2652	299	18
2653	325	56
2654	345	101
2655	275	26
2656	43	10
2657	276	112
2658	337	86
2659	297	128
2660	222	93
2661	303	93
2662	317	100
2663	313	94
2664	258	61
2665	296	140
2666	356	117
2667	29	11
2668	298	68
2669	340	69
2670	266	84
2671	18	7
2672	22	10
2673	248	95
2674	287	97
2675	304	122
2676	35	1
2677	329	129
2678	308	107
2679	321	129
2680	37	11
2681	263	79
2682	346	164
2683	336	96
2684	250	75
2685	327	115
2686	307	81
2687	314	79
2688	371	110
2689	22	5
2690	281	111
2691	261	64
2692	285	124
2693	33	11
2694	296	47
2695	277	71
2696	299	32
2697	344	115
2698	45	5
2699	26	0
2700	292	83
2701	313	107
2702	45	17
2703	294	123
2704	27	14
2705	305	56
2706	282	142
2707	305	100
2708	245	66
2709	256	94
2710	248	80
2711	332	74
2712	258	98
2713	276	93
2714	13	4
2715	347	77
2716	341	135
2717	330	121
2718	308	77
2719	30	14
2720	307	82
2721	334	78
2722	277	112
2723	319	39
2724	288	106
2725	335	48
2726	330	128
2727	357	164
2728	322	96
2729	282	8
2730	269	72
2731	286	99
2732	222	44
2733	336	161
2734	276	77
2735	277	64
2736	323	106
2737	43	16
2738	294	6
2739	253	60
2740	285	95
2741	371	93
2742	300	97
2743	290	117
2744	281	85
2745	25	5
2746	322	31
2747	313	88
2748	330	142
2749	336	45
2750	312	97
2751	267	66
2752	30	9
2753	302	82
2754	296	84
2755	272	87
2756	367	111
2757	260	125
2758	312	119
2759	34	16
2760	297	86
2761	263	82
2762	336	95
2763	264	67
2764	284	68
2765	357	107
2766	303	52
2767	325	98
2768	31	5
2769	306	123
2770	272	70
2771	286	97
2772	318	47
2773	323	69
2774	342	64
2775	329	103
2776	262	101
2777	311	85
2778	308	162
2779	296	112
2780	321	104
2781	306	91
2782	24	7
2783	270	110
2784	315	151
2785	242	28
2786	34	14
2787	294	63
2788	312	50
2789	311	108
2790	315	75
2791	30	17
2792	288	119
2793	320	38
2794	298	106
2795	296	121
2796	299	45
2797	305	114
2798	314	100
2799	35	14
2800	299	47
2801	18	7
2802	271	88
2803	281	86
2804	327	53
2805	307	80
2806	9	2
2807	22	6
2808	297	12
2809	245	99
2810	319	137
2811	32	12
2812	332	134
2813	279	70
2814	36	6
2815	292	109
2816	285	75
2817	323	128
2818	293	102
2819	293	53
2820	320	104
2821	328	133
2822	53	23
2823	266	92
2824	327	145
2825	321	110
2826	289	106
2827	320	26
2828	30	7
2829	318	97
2830	353	121
2831	286	42
2832	324	78
2833	288	67
2834	253	87
2835	317	155
2836	290	32
2837	295	97
2838	38	4
2839	290	40
2840	325	93
2841	334	122
2842	362	115
2843	324	119
2844	302	91
2845	30	12
2846	332	208
2847	239	91
2848	320	62
2849	358	151
2850	280	47
2851	266	101
2852	21	6
2853	282	138
2854	316	75
2855	315	85
2856	284	38
2857	27	12
2858	249	19
2859	269	41
2860	323	111
2861	323	96
2862	300	0
2863	41	4
2864	366	68
2865	295	118
2866	254	47
2867	313	125
2868	325	58
2869	11	3
2870	24	6
2871	323	47
2872	253	68
2873	280	97
2874	26	14
2875	281	87
2876	322	3
2877	37	12
2878	333	89
2879	335	121
2880	309	50
2881	23	3
2882	340	103
2883	43	26
2884	293	149
2885	270	76
2886	304	134
2887	285	88
2888	295	106
2889	294	99
2890	305	77
2891	323	100
2892	254	30
2893	31	12
2894	28	6
2895	324	45
2896	26	10
2897	306	71
2898	315	40
2899	309	131
2900	242	63
2901	314	147
2902	315	85
2903	323	133
2904	14	8
2905	10	4
2906	310	87
2907	269	55
2908	29	3
2909	19	6
2910	268	83
2911	286	54
2912	266	102
2913	326	146
2914	323	85
2915	35	19
2916	273	38
2917	322	84
2918	321	108
2919	356	93
2920	190	78
2921	255	95
2922	315	156
2923	25	11
2924	307	90
2925	287	73
2926	296	90
2927	274	31
2928	284	52
2929	314	98
2930	349	108
2931	323	98
2932	362	77
2933	23	6
2934	307	94
2935	18	9
2936	335	108
2937	298	92
2938	278	126
2939	311	53
2940	287	147
2941	298	181
2942	345	139
2943	288	81
2944	257	23
2945	312	88
2946	306	43
2947	282	156
2948	287	49
2949	292	94
2950	283	126
2951	314	80
2952	273	109
2953	350	102
2954	278	56
2955	266	69
2956	295	73
2957	313	113
2958	300	89
2959	308	75
2960	317	117
2961	282	101
2962	275	66
2963	285	50
2964	324	135
2965	302	79
2966	304	106
2967	16	8
2968	368	111
2969	346	77
2970	330	66
2971	356	134
2972	252	76
2973	336	111
2974	338	129
2975	30	6
2976	267	72
2977	321	100
2978	26	3
2979	290	75
2980	306	55
2981	23	10
2982	328	75
2983	241	106
2984	268	83
2985	268	144
2986	274	61
2987	293	101
2988	303	28
2989	323	127
2990	12	1
2991	277	35
2992	329	92
2993	263	55
2994	44	13
2995	276	96
2996	49	17
2997	325	161
2998	304	117
2999	312	85
3000	28	10
3001	259	54
3002	363	102
3003	302	83
3004	17	1
3005	294	77
3006	307	135
3007	240	70
3008	34	10
3009	292	80
3010	258	83
3011	308	60
3012	311	67
3013	278	58
3014	313	108
3015	251	103
3016	315	29
3017	306	88
3018	321	76
3019	333	96
3020	303	106
3021	37	6
3022	289	19
3023	326	65
3024	320	101
3025	286	57
3026	333	87
3027	288	89
3028	19	2
3029	298	62
3030	268	31
3031	281	81
3032	293	93
3033	314	92
3034	301	126
3035	310	69
3036	310	87
3037	298	72
3038	318	43
3039	292	89
3040	274	68
3041	23	13
3042	313	80
3043	263	54
3044	24	7
3045	341	92
3046	246	98
3047	14	4
3048	34	13
3049	34	1
3050	36	13
3051	9	1
3052	270	66
3053	354	86
3054	342	132
3055	36	13
3056	306	30
3057	19	12
3058	303	78
3059	286	67
3060	23	10
3061	46	17
3062	299	83
3063	283	112
3064	296	121
3065	295	92
3066	298	78
3067	369	135
3068	284	112
3069	338	125
3070	321	82
3071	295	106
3072	272	70
3073	37	17
3074	38	13
3075	282	123
3076	21	4
3077	292	110
3078	345	139
3079	33	7
3080	336	48
3081	298	90
3082	291	99
3083	326	108
3084	278	82
3085	317	60
3086	288	99
3087	266	48
3088	305	94
3089	350	96
3090	294	66
3091	344	113
3092	247	42
3093	38	15
3094	301	91
3095	302	86
3096	292	122
3097	294	112
3098	297	28
3099	295	97
3100	297	117
3101	309	107
3102	348	106
3103	291	75
3104	29	13
3105	275	115
3106	23	7
3107	347	83
3108	314	68
3109	306	67
3110	53	9
3111	280	89
3112	288	64
3113	22	3
3114	273	105
3115	24	6
3116	279	83
3117	269	87
3118	308	59
3119	286	94
3120	325	81
3121	302	94
3122	311	83
3123	321	154
3124	313	115
3125	293	71
3126	285	94
3127	365	86
3128	270	149
3129	290	66
3130	16	6
3131	20	11
3132	282	96
3133	322	56
3134	333	133
3135	287	35
3136	298	38
3137	248	90
3138	297	129
3139	277	80
3140	252	47
3141	250	72
3142	326	59
3143	30	8
3144	243	105
3145	289	4
3146	296	40
3147	36	9
3148	312	101
3149	295	83
3150	311	118
3151	337	109
3152	44	12
3153	292	104
3154	309	56
3155	292	136
3156	306	115
3157	277	76
3158	273	108
3159	350	29
3160	286	103
3161	294	99
3162	292	74
3163	301	26
3164	297	87
3165	288	95
3166	44	12
3167	319	147
3168	296	115
3169	281	55
3170	301	111
3171	319	114
3172	333	128
3173	17	3
3174	317	45
3175	331	95
3176	312	136
3177	258	110
3178	293	31
3179	41	14
3180	38	9
3181	307	106
3182	33	13
3183	312	27
3184	312	103
3185	38	12
3186	312	81
3187	254	42
3188	244	86
3189	301	17
3190	307	115
3191	287	62
3192	278	43
3193	267	50
3194	295	79
3195	265	121
3196	367	134
3197	29	8
3198	339	115
3199	42	15
3200	282	66
3201	356	141
3202	320	81
3203	303	39
3204	25	5
3205	394	192
3206	316	100
3207	17	0
3208	37	7
3209	298	139
3210	275	14
3211	332	17
3212	48	32
3213	252	113
3214	25	5
3215	307	87
3216	287	130
3217	286	90
3218	299	78
3219	279	110
3220	27	7
3221	276	67
3222	321	79
3223	298	75
3224	295	85
3225	301	67
3226	17	4
3227	30	8
3228	323	43
3229	255	80
3230	263	92
3231	312	101
3232	262	118
3233	328	94
3234	33	14
3235	281	83
3236	235	79
3237	290	100
3238	280	71
3239	285	92
3240	330	114
3241	36	7
3242	21	1
3243	290	11
3244	286	81
3245	333	82
3246	314	131
3247	248	125
3248	306	84
3249	319	45
3250	26	14
3251	250	80
3252	42	0
3253	323	104
3254	299	113
3255	310	96
3256	302	115
3257	16	6
3258	319	77
3259	44	12
3260	278	38
3261	22	8
3262	269	81
3263	318	150
3264	251	130
3265	19	4
3266	329	126
3267	296	28
3268	47	21
3269	239	95
3270	375	117
3271	20	6
3272	280	111
3273	310	113
3274	275	110
3275	355	109
3276	304	82
3277	303	51
3278	325	77
3279	290	38
3280	315	112
3281	347	109
3282	348	21
3283	282	99
3284	38	20
3285	325	95
3286	294	87
3287	23	7
3288	291	41
3289	286	96
3290	263	83
3291	18	6
3292	29	5
3293	233	104
3294	290	95
3295	352	131
3296	307	88
3297	280	82
3298	308	134
3299	32	14
3300	22	8
3301	339	81
3302	348	118
3303	306	75
3304	288	115
3305	24	12
3306	310	137
3307	309	68
3308	40	13
3309	21	5
3310	24	7
3311	310	102
3312	293	105
3313	23	6
3314	325	122
3315	320	78
3316	221	58
3317	17	5
3318	345	56
3319	269	98
3320	310	100
3321	36	2
3322	346	120
3323	338	137
3324	310	117
3325	348	109
3326	282	95
3327	264	111
3328	19	3
3329	307	66
3330	288	75
3331	30	3
3332	29	2
3333	283	105
3334	338	146
3335	335	110
3336	312	47
3337	297	83
3338	35	13
3339	336	98
3340	34	7
3341	242	53
3342	328	143
3343	268	71
3344	288	58
3345	298	51
3346	339	139
3347	300	78
3348	334	79
3349	312	123
3350	302	74
3351	292	137
3352	316	99
3353	284	134
3354	309	117
3355	286	86
3356	356	65
3357	29	8
3358	41	8
3359	21	8
3360	36	8
3361	294	81
3362	332	53
3363	264	78
3364	273	33
3365	359	32
3366	29	8
3367	294	111
3368	303	112
3369	288	15
3370	275	79
3371	24	13
3372	22	4
3373	293	84
3374	340	123
3375	267	51
3376	299	93
3377	298	23
3378	288	84
3379	325	33
3380	311	96
3381	330	107
3382	329	151
3383	301	82
3384	352	102
3385	284	108
3386	289	95
3387	328	97
3388	25	14
3389	23	11
3390	280	35
3391	285	50
3392	40	4
3393	350	122
3394	303	130
3395	345	111
3396	329	116
3397	248	65
3398	285	85
3399	277	47
3400	317	85
3401	38	14
3402	360	91
3403	26	10
3404	342	111
3405	34	13
3406	286	21
3407	302	125
3408	251	84
3409	223	30
3410	37	9
3411	294	111
3412	313	103
3413	296	80
3414	255	89
3415	298	138
3416	308	121
3417	336	137
3418	274	42
3419	246	82
3420	344	80
3421	280	94
3422	288	56
3423	321	77
3424	243	85
3425	292	54
3426	19	5
3427	292	54
3428	321	105
3429	299	68
3430	331	60
3431	290	64
3432	283	116
3433	359	79
3434	301	108
3435	31	7
3436	327	102
3437	31	11
3438	267	67
3439	286	63
3440	27	2
3441	318	70
3442	257	57
3443	292	54
3444	248	91
3445	32	2
3446	303	117
3447	292	64
3448	268	72
3449	296	86
3450	303	77
3451	30	7
3452	281	82
3453	323	159
3454	297	50
3455	304	16
3456	8	1
3457	312	123
3458	288	64
3459	28	9
3460	303	89
3461	266	29
3462	290	54
3463	275	68
3464	361	73
3465	360	155
3466	324	105
3467	287	66
3468	258	44
3469	333	51
3470	261	93
3471	47	25
3472	344	80
3473	308	35
3474	325	80
3475	280	93
3476	327	84
3477	322	71
3478	281	43
3479	284	73
3480	323	35
3481	278	85
3482	323	177
3483	314	75
3484	287	87
3485	348	138
3486	273	114
3487	309	44
3488	281	93
3489	312	69
3490	310	163
3491	279	67
3492	278	96
3493	27	4
3494	30	16
3495	32	5
3496	271	87
3497	343	166
3498	328	74
3499	246	86
3500	312	100
3501	284	64
3502	37	8
3503	323	104
3504	308	87
3505	316	60
3506	299	154
3507	285	111
3508	26	12
3509	244	90
3510	243	94
3511	297	64
3512	27	10
3513	303	74
3514	300	71
3515	320	32
3516	277	39
3517	308	93
3518	30	11
3519	299	107
3520	313	40
3521	33	14
3522	32	16
3523	284	68
3524	311	103
3525	298	96
3526	295	53
3527	356	172
3528	294	79
3529	282	141
3530	334	97
3531	278	96
3532	297	102
3533	261	64
3534	255	61
3535	277	92
3536	292	77
3537	290	92
3538	353	82
3539	278	79
3540	324	93
3541	301	46
3542	31	16
3543	34	14
3544	323	150
3545	265	106
3546	301	75
3547	287	122
3548	60	17
3549	328	118
3550	318	54
3551	288	76
3552	261	76
3553	305	92
3554	333	74
3555	236	84
3556	261	38
3557	288	69
3558	358	95
3559	22	10
3560	33	2
3561	235	97
3562	277	86
3563	303	78
3564	288	77
3565	37	13
3566	269	37
3567	283	33
3568	314	68
3569	294	63
3570	305	138
3571	302	71
3572	292	53
3573	300	56
3574	337	123
3575	351	104
3576	26	11
3577	296	107
3578	304	76
3579	317	108
3580	253	65
3581	306	86
3582	297	81
3583	285	126
3584	326	102
3585	277	27
3586	356	68
3587	328	61
3588	258	103
3589	338	126
3590	298	63
3591	373	102
3592	301	186
3593	299	135
3594	285	32
3595	321	77
3596	288	79
3597	303	119
3598	263	60
3599	258	31
3600	350	76
3601	340	190
3602	283	125
3603	329	23
3604	298	111
3605	328	103
3606	340	130
3607	296	60
3608	330	93
3609	295	61
3610	255	55
3611	318	133
3612	298	136
3613	308	54
3614	284	51
3615	294	114
3616	241	68
3617	291	108
3618	334	57
3619	19	2
3620	276	89
3621	274	100
3622	283	64
3623	327	55
3624	292	75
3625	321	47
3626	309	112
3627	279	79
3628	325	34
3629	313	93
3630	30	11
3631	249	37
3632	24	8
3633	297	84
3634	300	98
3635	288	104
3636	11	5
3637	41	8
3638	358	137
3639	326	139
3640	36	9
3641	265	96
3642	16	7
3643	270	58
3644	327	98
3645	310	138
3646	37	13
3647	321	176
3648	347	118
3649	275	97
3650	326	89
3651	46	4
3652	348	124
3653	284	77
3654	252	97
3655	317	57
3656	339	67
3657	30	14
3658	287	45
3659	298	77
3660	294	77
3661	233	108
3662	334	112
3663	346	88
3664	245	66
3665	250	65
3666	14	3
3667	246	22
3668	286	113
3669	272	109
3670	301	62
3671	291	42
3672	272	124
3673	285	104
3674	290	67
3675	273	62
3676	15	3
3677	242	113
3678	30	9
3679	326	120
3680	219	26
3681	309	139
3682	309	93
3683	48	15
3684	285	78
3685	332	78
3686	342	120
3687	274	99
3688	27	6
3689	314	76
3690	310	66
3691	286	123
3692	341	107
3693	335	99
3694	346	55
3695	286	60
3696	27	11
3697	24	7
3698	349	91
3699	28	8
3700	321	115
3701	289	73
3702	302	74
3703	298	38
3704	334	65
3705	303	47
3706	318	65
3707	345	71
3708	298	182
3709	282	63
3710	30	11
3711	257	90
3712	36	15
3713	296	58
3714	316	111
3715	245	48
3716	305	117
3717	303	77
3718	253	64
3719	385	149
3720	336	118
3721	48	13
3722	254	116
3723	279	35
3724	282	76
3725	269	79
3726	256	5
3727	298	173
3728	244	69
3729	18	8
3730	40	14
3731	278	93
3732	36	15
3733	305	89
3734	25	9
3735	304	110
3736	258	77
3737	42	20
3738	284	62
3739	294	73
3740	331	120
3741	350	56
3742	279	91
3743	336	91
3744	278	139
3745	286	89
3746	290	63
3747	280	69
3748	307	157
3749	297	46
3750	297	105
3751	285	76
3752	270	99
3753	300	81
3754	12	5
3755	289	89
3756	241	74
3757	276	63
3758	235	66
3759	289	81
3760	323	73
3761	313	109
3762	309	93
3763	321	129
3764	300	46
3765	247	61
3766	20	9
3767	283	131
3768	298	62
3769	34	10
3770	25	10
3771	47	26
3772	308	77
3773	322	127
3774	32	12
3775	277	89
3776	307	130
3777	295	60
3778	281	119
3779	301	77
3780	268	65
3781	300	72
3782	280	117
3783	271	107
3784	347	104
3785	275	115
3786	299	115
3787	258	164
3788	300	124
3789	32	15
3790	331	69
3791	22	8
3792	341	107
3793	199	53
3794	322	53
3795	24	11
3796	299	74
3797	277	132
3798	250	101
3799	18	9
3800	325	55
3801	301	63
3802	315	46
3803	299	93
3804	330	171
3805	320	97
3806	296	67
3807	238	68
3808	50	3
3809	247	52
3810	18	4
3811	327	26
3812	317	120
3813	231	60
3814	317	107
3815	20	6
3816	276	46
3817	303	54
3818	339	108
3819	254	119
3820	21	7
3821	255	76
3822	248	87
3823	286	59
3824	285	103
3825	307	119
3826	339	84
3827	316	79
3828	36	13
3829	318	104
3830	313	84
3831	27	11
3832	31	12
3833	33	15
3834	361	127
3835	320	104
3836	361	150
3837	277	115
3838	347	123
3839	30	4
3840	27	7
3841	263	127
3842	319	109
3843	311	165
3844	319	99
3845	378	98
3846	230	71
3847	287	124
3848	286	77
3849	304	74
3850	271	73
3851	331	55
3852	339	54
3853	56	24
3854	31	11
3855	284	120
3856	295	93
3857	35	0
3858	323	56
3859	276	118
3860	39	10
3861	281	126
3862	321	70
3863	270	65
3864	283	108
3865	35	7
3866	275	132
3867	301	116
3868	304	107
3869	245	69
3870	299	95
3871	291	105
3872	323	111
3873	281	90
3874	265	108
3875	308	90
3876	289	79
3877	271	50
3878	353	69
3879	21	6
3880	302	42
3881	48	15
3882	303	71
3883	324	22
3884	266	75
3885	338	135
3886	336	117
3887	330	177
3888	287	90
3889	285	112
3890	354	146
3891	310	19
3892	32	10
3893	333	117
3894	32	4
3895	304	126
3896	254	30
3897	320	113
3898	320	143
3899	309	84
3900	271	55
3901	24	9
3902	346	154
3903	305	43
3904	330	118
3905	39	3
3906	280	90
3907	276	58
3908	298	39
3909	15	7
3910	295	96
3911	317	71
3912	293	87
3913	314	47
3914	303	107
3915	23	8
3916	305	110
3917	316	89
3918	281	81
3919	258	79
3920	316	122
3921	335	96
3922	288	115
3923	29	9
3924	14	4
3925	345	178
3926	258	69
3927	313	35
3928	316	149
3929	299	132
3930	20	6
3931	229	81
3932	37	13
3933	294	80
3934	22	5
3935	268	77
3936	264	12
3937	316	77
3938	278	43
3939	292	117
3940	328	85
3941	342	126
3942	286	91
3943	309	113
3944	343	55
3945	364	121
3946	24	12
3947	37	15
3948	290	52
3949	31	7
3950	338	122
3951	317	117
3952	37	11
3953	25	9
3954	319	114
3955	335	129
3956	334	56
3957	24	1
3958	34	15
3959	319	97
3960	335	108
3961	351	103
3962	45	17
3963	303	142
3964	19	9
3965	313	87
3966	298	0
3967	290	115
3968	268	107
3969	48	10
3970	293	68
3971	295	84
3972	19	7
3973	319	89
3974	17	7
3975	300	103
3976	24	7
3977	352	113
3978	332	129
3979	34	4
3980	293	119
3981	302	37
3982	316	137
3983	265	87
3984	257	115
3985	41	6
3986	41	12
3987	318	103
3988	353	119
3989	324	82
3990	39	20
3991	339	74
3992	255	92
3993	246	108
3994	349	88
3995	303	57
3996	33	11
3997	354	101
3998	313	62
3999	30	9
4000	291	87
4001	367	98
4002	284	87
4003	326	143
4004	295	112
4005	330	93
4006	273	57
4007	33	19
4008	290	43
4009	280	96
4010	47	22
4011	50	20
4012	318	134
4013	327	116
4014	257	40
4015	337	47
4016	246	31
4017	354	84
4018	340	49
4019	294	118
4020	34	10
4021	300	87
4022	34	7
4023	300	35
4024	301	68
4025	42	20
4026	270	101
4027	46	12
4028	259	106
4029	287	119
4030	290	101
4031	303	65
4032	284	168
4033	338	94
4034	251	20
4035	19	10
4036	274	115
4037	309	84
4038	317	113
4039	366	130
4040	324	108
4041	300	88
4042	307	61
4043	19	8
4044	323	141
4045	316	99
4046	277	120
4047	225	97
4048	274	91
4049	254	96
4050	25	1
4051	272	37
4052	296	98
4053	303	96
4054	251	66
4055	262	116
4056	230	82
4057	30	10
4058	306	96
4059	31	9
4060	328	104
4061	280	84
4062	13	7
4063	294	46
4064	258	72
4065	22	3
4066	241	44
4067	297	85
4068	49	8
4069	348	107
4070	15	1
4071	323	58
4072	317	81
4073	366	72
4074	325	125
4075	342	98
4076	36	16
4077	48	8
4078	5	1
4079	19	6
4080	283	25
4081	33	15
4082	302	110
4083	350	92
4084	271	125
4085	300	121
4086	258	43
4087	316	110
4088	297	41
4089	280	80
4090	31	8
4091	293	106
4092	12	6
4093	289	116
4094	35	13
4095	23	8
4096	43	12
4097	319	87
4098	265	92
4099	303	95
4100	30	9
4101	284	115
4102	12	3
4103	268	34
4104	26	7
4105	296	86
4106	365	100
4107	241	72
4108	40	9
4109	295	37
4110	25	2
4111	325	47
4112	259	71
4113	8	3
4114	41	9
4115	319	110
4116	293	73
4117	342	182
4118	296	22
4119	279	74
4120	281	49
4121	302	92
4122	280	72
4123	21	6
4124	303	75
4125	348	64
4126	22	9
4127	225	70
4128	273	143
4129	310	15
4130	301	64
4131	303	58
4132	295	65
4133	322	151
4134	269	71
4135	304	61
4136	285	81
4137	42	10
4138	260	51
4139	320	124
4140	277	95
4141	332	91
4142	291	112
4143	299	53
4144	378	47
4145	251	66
4146	30	9
4147	322	70
4148	32	15
4149	24	0
4150	327	114
4151	330	180
4152	26	9
4153	291	66
4154	47	13
4155	31	9
4156	269	48
4157	279	158
4158	30	15
4159	272	86
4160	310	94
4161	50	22
4162	347	88
4163	300	57
4164	18	1
4165	36	4
4166	293	75
4167	19	10
4168	296	29
4169	313	42
4170	299	124
4171	268	50
4172	309	78
4173	53	11
4174	40	20
4175	340	51
4176	316	143
4177	40	18
4178	248	102
4179	305	98
4180	39	13
4181	39	12
4182	269	69
4183	296	114
4184	307	143
4185	316	69
4186	19	10
4187	315	65
4188	35	6
4189	313	88
4190	315	107
4191	276	120
4192	344	105
4193	275	59
4194	43	15
4195	274	96
4196	251	81
4197	285	72
4198	267	60
4199	286	114
4200	225	36
4201	298	126
4202	15	6
4203	271	96
4204	260	75
4205	331	88
4206	348	53
4207	14	5
4208	319	106
4209	360	49
4210	274	75
4211	264	136
4212	283	38
4213	30	11
4214	319	126
4215	289	100
4216	294	97
4217	299	72
4218	255	71
4219	285	122
4220	33	15
4221	290	91
4222	324	131
4223	218	79
4224	38	12
4225	293	69
4226	353	74
4227	316	97
4228	33	11
4229	320	96
4230	325	95
4231	46	15
4232	311	184
4233	24	8
4234	270	103
4235	293	19
4236	286	67
4237	273	65
4238	291	79
4239	256	76
4240	281	62
4241	9	2
4242	289	39
4243	49	7
4244	351	22
4245	39	14
4246	322	118
4247	242	36
4248	30	15
4249	29	6
4250	312	89
4251	31	15
4252	261	57
4253	288	86
4254	52	11
4255	328	103
4256	296	146
4257	253	50
4258	24	1
4259	266	97
4260	296	112
4261	319	55
4262	36	21
4263	269	114
4264	346	35
4265	329	38
4266	24	1
4267	34	10
4268	348	128
4269	302	62
4270	302	66
4271	340	92
4272	316	45
4273	326	36
4274	315	101
4275	281	116
4276	41	12
4277	333	115
4278	27	11
4279	277	113
4280	351	98
4281	293	75
4282	22	5
4283	33	11
4284	366	84
4285	270	42
4286	314	94
4287	314	110
4288	294	95
4289	319	112
4290	343	93
4291	291	61
4292	19	3
4293	284	33
4294	299	103
4295	274	78
4296	365	91
4297	321	148
4298	325	67
4299	321	118
4300	315	84
4301	40	10
4302	277	99
4303	34	19
4304	40	8
4305	293	42
4306	306	111
4307	337	71
4308	262	82
4309	254	83
4310	23	15
4311	291	100
4312	336	71
4313	318	89
4314	324	78
4315	320	94
4316	282	170
4317	284	97
4318	330	129
4319	278	150
4320	288	30
4321	279	111
4322	307	74
4323	223	88
4324	261	86
4325	301	130
4326	213	68
4327	6	2
4328	349	96
4329	267	67
4330	263	79
4331	25	6
4332	277	125
4333	340	83
4334	319	111
4335	297	89
4336	312	113
4337	275	125
4338	311	111
4339	314	74
4340	285	91
4341	320	86
4342	297	98
4343	16	2
4344	302	135
4345	244	53
4346	269	72
4347	304	103
4348	5	0
4349	266	86
4350	323	98
4351	283	44
4352	307	97
4353	33	9
4354	329	95
4355	298	101
4356	280	114
4357	35	11
4358	317	137
4359	353	147
4360	319	7
4361	36	7
4362	280	95
4363	306	24
4364	285	68
4365	312	96
4366	273	68
4367	254	89
4368	282	66
4369	296	158
4370	34	15
4371	32	18
4372	325	134
4373	327	91
4374	330	135
4375	320	33
4376	14	7
4377	350	111
4378	36	11
4379	33	3
4380	321	64
4381	35	13
4382	262	88
4383	413	140
4384	31	11
4385	257	79
4386	336	87
4387	254	86
4388	28	10
4389	297	85
4390	301	36
4391	10	2
4392	344	139
4393	315	101
4394	48	10
4395	271	114
4396	316	116
4397	310	117
4398	259	78
4399	325	64
4400	316	87
4401	269	69
4402	31	11
4403	293	81
4404	290	74
4405	340	80
4406	320	106
4407	266	141
4408	25	9
4409	272	75
4410	16	2
4411	303	88
4412	294	68
4413	272	111
4414	297	113
4415	272	103
4416	265	103
4417	317	86
4418	311	91
4419	372	153
4420	288	75
4421	325	93
4422	313	91
4423	326	86
4424	315	113
4425	41	12
4426	312	89
4427	295	80
4428	306	108
4429	281	71
4430	352	123
4431	309	59
4432	357	88
4433	244	80
4434	322	125
4435	290	114
4436	323	147
4437	312	87
4438	340	48
4439	256	57
4440	330	179
4441	260	53
4442	322	109
4443	301	117
4444	277	97
4445	285	82
4446	326	107
4447	25	4
4448	300	101
4449	332	63
4450	339	136
4451	270	65
4452	235	66
4453	308	114
4454	36	4
4455	297	95
4456	296	89
4457	279	99
4458	323	64
4459	301	37
4460	43	10
4461	313	106
4462	47	5
4463	272	54
4464	286	52
4465	31	12
4466	365	99
4467	298	118
4468	351	116
4469	302	52
4470	30	2
4471	217	64
4472	274	34
4473	335	81
4474	27	7
4475	18	8
4476	292	57
4477	278	100
4478	259	80
4479	271	61
4480	343	128
4481	360	144
4482	263	52
4483	309	8
4484	253	73
4485	306	150
4486	276	56
4487	350	108
4488	30	7
4489	310	155
4490	310	56
4491	41	12
4492	301	81
4493	315	113
4494	266	83
4495	352	28
4496	311	132
4497	40	24
4498	365	118
4499	286	137
4500	26	8
4501	347	74
4502	39	7
4503	289	85
4504	331	80
4505	299	76
4506	29	11
4507	282	59
4508	308	168
4509	308	130
4510	307	92
4511	287	46
4512	297	58
4513	278	55
4514	257	68
4515	297	112
4516	277	47
4517	286	68
4518	305	104
4519	323	53
4520	312	50
4521	328	94
4522	299	87
4523	305	61
4524	38	17
4525	278	99
4526	245	83
4527	245	40
4528	323	106
4529	35	5
4530	270	86
4531	30	12
4532	280	116
4533	351	52
4534	269	122
4535	287	70
4536	307	130
4537	42	23
4538	302	77
4539	24	5
4540	13	7
4541	287	49
4542	360	114
4543	238	107
4544	310	106
4545	307	75
4546	308	97
4547	273	87
4548	270	73
4549	49	17
4550	332	148
4551	333	145
4552	347	107
4553	333	105
4554	330	120
4555	341	59
4556	288	91
4557	306	62
4558	322	121
4559	281	39
4560	311	137
4561	301	117
4562	333	111
4563	295	74
4564	290	165
4565	19	5
4566	323	102
4567	296	86
4568	288	67
4569	305	72
4570	284	39
4571	371	47
4572	363	83
4573	305	60
4574	268	60
4575	347	93
4576	41	14
4577	300	103
4578	311	60
4579	300	57
4580	292	78
4581	21	0
4582	311	101
4583	273	109
4584	247	60
4585	4	2
4586	39	7
4587	324	102
4588	373	95
4589	331	93
4590	23	5
4591	292	137
4592	339	170
4593	22	8
4594	38	19
4595	35	7
4596	310	107
4597	323	77
4598	272	118
4599	27	11
4600	308	156
4601	35	8
4602	287	34
4603	348	56
4604	375	67
4605	277	96
4606	271	53
4607	279	115
4608	40	9
4609	254	72
4610	314	86
4611	47	20
4612	302	61
4613	37	14
4614	248	90
4615	33	1
4616	263	70
4617	318	83
4618	34	12
4619	35	9
4620	24	2
4621	344	104
4622	25	8
4623	39	16
4624	271	107
4625	320	136
4626	281	112
4627	285	56
4628	297	97
4629	32	11
4630	250	82
4631	319	120
4632	22	7
4633	275	46
4634	339	74
4635	289	99
4636	324	28
4637	35	16
4638	315	55
4639	307	128
4640	313	40
4641	40	9
4642	300	94
4643	31	6
4644	15	7
4645	310	141
4646	304	130
4647	264	116
4648	257	64
4649	306	47
4650	324	76
4651	328	102
4652	7	2
4653	32	6
4654	307	84
4655	322	96
4656	318	74
4657	346	168
4658	296	65
4659	321	118
4660	300	115
4661	333	100
4662	32	12
4663	291	76
4664	313	52
4665	24	9
4666	309	86
4667	311	55
4668	285	76
4669	414	89
4670	318	100
4671	26	6
4672	326	82
4673	36	8
4674	344	74
4675	31	9
4676	277	50
4677	316	93
4678	279	48
4679	295	39
4680	310	93
4681	356	134
4682	347	160
4683	293	142
4684	266	108
4685	37	11
4686	14	4
4687	313	146
4688	31	5
4689	307	103
4690	264	114
4691	28	11
4692	28	11
4693	264	102
4694	27	2
4695	33	19
4696	371	74
4697	306	82
4698	314	70
4699	309	32
4700	245	74
4701	286	74
4702	277	95
4703	333	126
4704	323	105
4705	305	71
4706	235	96
4707	309	90
4708	261	63
4709	256	69
4710	20	0
4711	296	96
4712	345	77
4713	36	5
4714	39	6
4715	296	91
4716	382	56
4717	280	116
4718	57	17
4719	29	8
4720	19	6
4721	292	68
4722	249	50
4723	352	89
4724	250	89
4725	319	105
4726	39	5
4727	295	98
4728	18	8
4729	263	39
4730	24	10
4731	312	68
4732	297	62
4733	280	113
4734	24	5
4735	364	149
4736	264	91
4737	301	59
4738	287	88
4739	321	74
4740	228	57
4741	296	123
4742	298	108
4743	271	102
4744	286	41
4745	264	74
4746	332	108
4747	313	121
4748	322	75
4749	41	10
4750	285	90
4751	301	57
4752	334	111
4753	284	84
4754	316	114
4755	336	29
4756	280	92
4757	291	93
4758	28	8
4759	310	154
4760	27	19
4761	236	73
4762	336	35
4763	13	5
4764	310	78
4765	348	122
4766	305	133
4767	261	45
4768	19	2
4769	282	102
4770	301	80
4771	27	7
4772	26	0
4773	345	104
4774	279	95
4775	289	49
4776	356	65
4777	313	79
4778	27	8
4779	277	100
4780	296	62
4781	340	160
4782	360	138
4783	32	13
4784	234	35
4785	21	6
4786	342	117
4787	24	2
4788	321	70
4789	303	74
4790	305	96
4791	259	76
4792	293	131
4793	257	72
4794	345	115
4795	277	82
4796	32	9
4797	260	118
4798	24	3
4799	262	81
4800	29	7
4801	315	117
4802	261	70
4803	355	127
4804	312	121
4805	266	97
4806	295	137
4807	333	126
4808	283	76
4809	306	70
4810	275	93
4811	256	124
4812	284	119
4813	268	79
4814	309	85
4815	300	117
4816	256	98
4817	330	71
4818	328	103
4819	303	86
4820	283	121
4821	277	86
4822	260	119
4823	295	41
4824	43	5
4825	282	101
4826	316	96
4827	42	21
4828	234	75
4829	270	36
4830	341	80
4831	296	72
4832	32	13
4833	23	6
4834	266	111
4835	329	129
4836	26	13
4837	268	63
4838	283	100
4839	329	86
4840	307	68
4841	307	132
4842	277	56
4843	307	106
4844	365	180
4845	32	8
4846	253	66
4847	341	123
4848	348	96
4849	328	131
4850	271	69
4851	273	31
4852	292	124
4853	277	80
4854	287	49
4855	312	53
4856	34	12
4857	32	12
4858	291	89
4859	20	7
4860	342	37
4861	274	79
4862	303	69
4863	303	117
4864	343	138
4865	302	108
4866	345	104
4867	280	17
4868	292	97
4869	299	124
4870	320	76
4871	287	98
4872	301	90
4873	329	28
4874	317	69
4875	332	117
4876	310	60
4877	335	94
4878	276	29
4879	287	16
4880	299	83
4881	301	78
4882	39	0
4883	276	95
4884	35	15
4885	40	19
4886	302	77
4887	269	123
4888	300	82
4889	273	77
4890	313	116
4891	239	62
4892	305	62
4893	318	79
4894	317	31
4895	52	11
4896	360	72
4897	297	116
4898	346	126
4899	302	119
4900	255	65
4901	285	76
4902	42	12
4903	23	7
4904	268	109
4905	29	18
4906	316	120
4907	295	106
4908	36	15
4909	305	29
4910	304	85
4911	286	130
4912	290	59
4913	308	95
4914	288	121
4915	290	92
4916	277	59
4917	252	65
4918	287	72
4919	324	110
4920	362	107
4921	25	8
4922	289	97
4923	322	156
4924	33	4
4925	324	84
4926	327	108
4927	34	19
4928	314	105
4929	21	9
4930	298	65
4931	307	47
4932	338	88
4933	256	53
4934	320	99
4935	340	73
4936	296	108
4937	22	4
4938	311	79
4939	299	103
4940	355	66
4941	258	62
4942	352	72
4943	337	103
4944	303	101
4945	332	89
4946	29	2
4947	251	88
4948	27	7
4949	263	79
4950	286	81
4951	313	61
4952	43	4
4953	326	83
4954	286	38
4955	325	110
4956	258	43
4957	27	7
4958	36	17
4959	277	75
4960	30	3
4961	260	53
4962	276	66
4963	39	23
4964	42	17
4965	34	13
4966	316	112
4967	291	137
4968	318	89
4969	313	82
4970	225	37
4971	328	120
4972	345	43
4973	309	110
4974	315	98
4975	298	105
4976	320	82
4977	43	11
4978	32	8
4979	265	79
4980	297	123
4981	278	55
4982	296	90
4983	262	69
4984	302	133
4985	265	108
4986	324	57
4987	262	74
4988	287	62
4989	49	9
4990	279	62
4991	292	97
4992	25	5
4993	14	3
4994	297	70
4995	316	81
4996	271	98
4997	311	0
4998	326	87
4999	243	94
