id	at_bats	hits
0	6	0
1	319	107
2	179	41
3	450	123
4	305	118
5	358	68
6	445	186
7	427	155
8	417	193
9	421	94
10	185	47
11	248	59
12	4	0
13	279	104
14	238	120
15	341	78
16	10	1
17	384	95
18	286	104
19	163	61
20	394	173
21	225	101
22	317	106
23	381	110
24	193	38
25	194	89
26	150	72
27	391	111
28	336	81
29	445	140
30	437	126
31	162	18
32	450	122
33	9	2
34	450	106
35	307	95
36	196	57
37	272	106
38	378	128
39	150	81
40	16	5
41	227	59
42	301	85
43	150	49
44	150	34
45	13	8
46	347	73
47	450	133
48	9	5
49	225	86
50	211	56
51	289	63
52	150	36
53	15	7
54	301	53
55	272	80
56	372	108
57	17	1
58	380	97
59	5	4
60	250	90
61	150	36
62	204	21
63	224	48
64	251	76
65	264	118
66	375	147
67	298	78
68	450	58
69	294	10
70	230	38
71	372	139
72	450	73
73	305	92
74	4	2
75	286	128
76	198	71
77	150	48
78	4	3
79	287	104
80	150	19
81	301	108
82	169	68
83	425	149
84	404	143
85	220	29
86	11	0
87	440	182
88	304	100
89	408	108
90	243	56
91	8	1
92	292	64
93	14	1
94	411	80
95	8	1
96	234	42
97	355	148
98	391	80
99	7	3
100	150	45
101	150	57
102	297	58
103	450	43
104	397	184
105	311	91
106	450	133
107	246	53
108	330	91
109	261	110
110	450	68
111	401	117
112	450	161
113	12	4
114	287	48
115	150	72
116	191	38
117	155	71
118	11	2
119	335	101
120	7	4
121	450	152
122	183	37
123	288	43
124	218	53
125	199	67
126	150	55
127	393	106
128	450	92
129	327	94
130	370	125
131	12	9
132	2	2
133	163	25
134	264	33
135	390	198
136	200	91
137	443	50
138	150	40
139	204	96
140	20	7
141	7	3
142	450	127
143	245	98
144	336	116
145	190	35
146	150	49
147	450	87
148	403	52
149	5	3
150	345	48
151	339	83
152	258	79
153	376	92
154	431	67
155	0	0
156	246	99
157	221	88
158	339	112
159	167	51
160	343	154
161	396	108
162	435	153
163	2	1
164	450	161
165	11	5
166	231	60
167	326	77
168	208	35
169	10	4
170	150	49
171	308	92
172	356	65
173	295	72
174	450	108
175	202	38
176	9	4
177	150	66
178	15	4
179	351	149
180	379	98
181	338	96
182	16	5
183	175	57
184	372	156
185	2	1
186	294	134
187	150	65
188	166	14
189	378	99
190	325	102
191	380	45
192	450	180
193	6	2
194	150	21
195	180	13
196	263	106
197	450	149
198	199	26
199	297	15
200	236	66
201	440	92
202	150	43
203	389	120
204	381	116
205	347	45
206	368	146
207	350	164
208	150	52
209	450	107
210	305	98
211	14	5
212	259	65
213	332	107
214	150	53
215	4	1
216	189	68
217	8	4
218	450	169
219	209	43
220	386	139
221	238	97
222	281	37
223	379	156
224	450	39
225	440	169
226	343	137
227	4	0
228	349	137
229	150	41
230	211	52
231	172	42
232	150	53
233	308	76
234	307	70
235	169	13
236	241	64
237	351	124
238	450	121
239	237	83
240	150	24
241	319	94
242	184	59
243	450	179
244	450	141
245	450	122
246	11	4
247	409	131
248	150	48
249	11	4
250	227	107
251	412	124
252	305	107
253	450	189
254	450	103
255	11	6
256	450	131
257	372	79
258	261	106
259	154	59
260	10	5
261	10	2
262	16	6
263	15	6
264	450	71
265	1	0
266	346	50
267	450	143
268	316	33
269	4	0
270	172	70
271	450	163
272	450	130
273	12	6
274	338	168
275	150	33
276	13	5
277	314	56
278	5	2
279	165	31
280	10	3
281	8	5
282	8	0
283	291	53
284	351	137
285	238	80
286	12	5
287	18	2
288	150	39
289	361	122
290	17	5
291	402	24
292	150	77
293	321	137
294	278	100
295	150	11
296	150	37
297	246	57
298	353	31
299	11	2
300	354	148
301	240	84
302	150	49
303	356	68
304	150	65
305	190	49
306	236	54
307	299	115
308	21	13
309	12	5
310	450	101
311	10	2
312	344	80
313	305	70
314	11	4
315	228	57
316	357	84
317	404	193
318	429	98
319	11	2
320	150	84
321	9	5
322	195	56
323	17	3
324	341	121
325	249	84
326	211	32
327	160	80
328	4	0
329	410	110
330	152	48
331	185	51
332	236	77
333	424	107
334	156	80
335	257	94
336	1	0
337	265	106
338	8	1
339	415	197
340	281	116
341	450	120
342	231	72
343	14	5
344	11	7
345	7	2
346	184	50
347	197	47
348	16	5
349	230	98
350	17	2
351	334	91
352	294	70
353	260	69
354	159	44
355	1	1
356	271	107
357	12	0
358	353	98
359	270	99
360	10	2
361	381	103
362	15	1
363	8	5
364	244	44
365	342	106
366	150	51
367	303	84
368	425	153
369	187	28
370	396	194
371	293	146
372	8	2
373	150	35
374	18	5
375	15	1
376	196	90
377	259	77
378	256	84
379	13	3
380	8	4
381	360	98
382	423	115
383	450	177
384	16	6
385	150	42
386	450	145
387	363	170
388	267	71
389	7	0
390	421	51
391	360	91
392	8	2
393	231	39
394	150	66
395	166	26
396	450	127
397	302	63
398	237	86
399	266	64
400	190	58
401	450	70
402	450	170
403	227	51
404	394	133
405	14	4
406	450	169
407	150	33
408	320	180
409	407	169
410	343	61
411	177	48
412	226	69
413	182	63
414	159	56
415	267	114
416	390	108
417	187	60
418	358	79
419	439	92
420	162	65
421	380	173
422	6	0
423	7	1
424	13	7
425	266	68
426	319	73
427	413	131
428	11	0
429	247	86
430	150	54
431	150	54
432	450	153
433	165	51
434	150	18
435	25	9
436	396	122
437	450	150
438	2	1
439	253	108
440	450	110
441	5	3
442	16	1
443	275	117
444	450	105
445	310	88
446	215	32
447	170	65
448	368	67
449	450	137
450	157	47
451	422	149
452	375	120
453	9	3
454	379	211
455	351	160
456	19	6
457	365	107
458	13	2
459	369	55
460	268	86
461	450	91
462	445	231
463	265	57
464	215	40
465	393	127
466	450	110
467	239	72
468	256	82
469	150	40
470	312	70
471	368	103
472	297	83
473	13	5
474	238	72
475	311	70
476	252	52
477	437	184
478	242	66
479	0	0
480	331	20
481	205	31
482	450	158
483	6	2
484	9	4
485	263	29
486	346	125
487	9	3
488	255	88
489	450	48
490	450	164
491	150	75
492	8	3
493	367	137
494	406	17
495	150	52
496	450	109
497	150	57
498	9	2
499	189	62
500	330	45
501	450	144
502	264	58
503	150	16
504	150	65
505	269	22
506	150	53
507	273	32
508	150	27
509	323	63
510	450	159
511	18	6
512	229	114
513	18	5
514	358	79
515	227	51
516	14	4
517	450	114
518	150	14
519	393	116
520	11	2
521	323	92
522	388	103
523	397	97
524	264	91
525	239	32
526	193	37
527	362	144
528	450	139
529	8	3
530	210	45
531	404	147
532	450	214
533	10	2
534	166	14
535	333	126
536	150	53
537	167	31
538	150	51
539	10	2
540	150	34
541	279	46
542	445	69
543	304	132
544	441	205
545	450	95
546	437	68
547	10	4
548	213	69
549	283	82
550	237	55
551	13	2
552	14	4
553	382	137
554	7	0
555	429	134
556	241	70
557	303	58
558	278	109
559	260	81
560	11	5
561	341	104
562	187	59
563	21	3
564	12	5
565	320	75
566	14	7
567	302	80
568	150	22
569	320	87
570	231	80
571	212	111
572	450	150
573	429	148
574	310	132
575	411	101
576	409	70
577	450	13
578	12	6
579	212	69
580	349	118
581	230	50
582	224	73
583	14	4
584	150	44
585	286	75
586	299	59
587	150	60
588	261	77
589	450	222
590	298	95
591	166	29
592	361	72
593	10	2
594	411	74
595	150	43
596	336	85
597	6	0
598	162	51
599	12	3
600	450	181
601	150	50
602	450	101
603	2	0
604	209	76
605	224	76
606	363	118
607	150	54
608	221	36
609	379	215
610	150	15
611	262	64
612	450	133
613	150	54
614	264	76
615	15	5
616	150	59
617	441	189
618	402	106
619	1	0
620	205	44
621	242	55
622	209	59
623	343	21
624	256	94
625	152	45
626	412	108
627	7	4
628	8	4
629	242	54
630	296	117
631	13	1
632	14	5
633	0	0
634	450	121
635	250	36
636	341	71
637	150	41
638	9	1
639	229	49
640	368	77
641	450	93
642	314	79
643	150	55
644	450	136
645	161	48
646	150	32
647	379	130
648	12	1
649	236	93
650	303	49
651	337	122
652	151	34
653	7	2
654	450	46
655	398	78
656	258	69
657	450	199
658	11	6
659	150	55
660	188	82
661	150	51
662	418	90
663	450	131
664	321	109
665	302	132
666	276	35
667	430	122
668	438	162
669	150	37
670	221	81
671	13	9
672	450	167
673	367	127
674	334	107
675	450	87
676	7	5
677	316	147
678	150	10
679	168	67
680	428	116
681	0	0
682	416	99
683	19	8
684	10	1
685	450	130
686	150	74
687	7	1
688	235	64
689	150	67
690	150	26
691	3	2
692	357	95
693	305	81
694	166	55
695	150	25
696	450	99
697	150	30
698	15	2
699	394	146
700	8	4
701	450	108
702	407	81
703	334	108
704	161	73
705	150	61
706	450	281
707	351	109
708	5	0
709	150	41
710	450	126
711	150	58
712	432	135
713	358	102
714	14	5
715	10	4
716	150	38
717	13	6
718	372	111
719	210	44
720	450	171
721	9	4
722	18	3
723	233	85
724	450	103
725	450	184
726	17	3
727	324	111
728	215	35
729	189	26
730	450	188
731	159	49
732	150	65
733	6	1
734	450	222
735	336	98
736	280	94
737	17	7
738	318	150
739	381	159
740	379	155
741	420	121
742	374	72
743	251	54
744	165	34
745	150	54
746	370	153
747	339	93
748	440	159
749	10	5
750	150	57
751	236	81
752	162	46
753	204	63
754	185	60
755	450	96
756	422	160
757	329	62
758	348	90
759	405	249
760	450	92
761	296	88
762	279	76
763	450	120
764	378	136
765	166	45
766	257	26
767	203	73
768	388	158
769	8	2
770	402	163
771	270	124
772	450	150
773	450	66
774	278	84
775	331	100
776	450	117
777	450	122
778	450	114
779	450	41
780	450	106
781	219	79
782	263	76
783	153	49
784	450	142
785	150	59
786	4	1
787	348	75
788	450	179
789	219	50
790	450	53
791	450	27
792	403	141
793	12	2
794	342	118
795	311	108
796	220	94
797	150	37
798	250	121
799	215	58
800	450	144
801	391	130
802	377	95
803	220	75
804	342	108
805	230	74
806	428	112
807	12	6
808	312	109
809	354	183
810	8	0
811	322	57
812	334	86
813	150	0
814	342	91
815	303	67
816	450	164
817	301	76
818	371	109
819	150	55
820	393	124
821	155	32
822	150	34
823	150	48
824	301	51
825	423	154
826	450	109
827	150	77
828	450	156
829	193	68
830	277	84
831	392	161
832	292	55
833	304	121
834	450	207
835	407	124
836	369	169
837	417	93
838	450	182
839	369	80
840	230	49
841	150	54
842	301	60
843	217	104
844	150	47
845	150	42
846	150	61
847	334	84
848	3	0
849	150	44
850	274	101
851	450	147
852	400	97
853	4	0
854	2	0
855	11	3
856	8	0
857	15	2
858	383	130
859	450	120
860	260	53
861	13	3
862	246	66
863	188	43
864	300	98
865	450	164
866	180	47
867	245	46
868	0	0
869	418	96
870	150	59
871	150	53
872	356	63
873	270	81
874	374	94
875	364	109
876	150	28
877	263	102
878	426	144
879	215	31
880	150	53
881	450	157
882	268	86
883	281	108
884	339	76
885	412	87
886	229	78
887	228	85
888	295	44
889	450	158
890	450	113
891	256	54
892	5	0
893	421	83
894	168	51
895	169	19
896	179	46
897	242	90
898	382	113
899	364	184
900	447	122
901	150	69
902	12	6
903	447	53
904	450	88
905	353	73
906	2	1
907	432	97
908	220	49
909	392	156
910	150	51
911	381	174
912	16	3
913	450	180
914	150	30
915	450	155
916	252	78
917	150	36
918	6	3
919	401	104
920	169	33
921	7	2
922	230	94
923	150	56
924	225	124
925	422	128
926	17	4
927	183	60
928	355	96
929	216	40
930	248	48
931	244	67
932	450	30
933	367	63
934	280	89
935	448	72
936	276	95
937	354	113
938	8	3
939	297	150
940	357	125
941	7	2
942	436	125
943	255	79
944	289	36
945	12	1
946	391	58
947	344	115
948	13	8
949	424	115
950	265	85
951	396	154
952	327	139
953	450	88
954	165	55
955	398	142
956	381	122
957	179	53
958	196	35
959	150	31
960	150	52
961	395	51
962	377	154
963	450	95
964	8	2
965	17	6
966	327	129
967	352	150
968	14	2
969	244	95
970	5	0
971	450	72
972	16	2
973	248	101
974	297	89
975	422	179
976	17	2
977	423	71
978	150	56
979	150	66
980	177	41
981	450	79
982	193	72
983	311	165
984	150	61
985	442	166
986	396	101
987	279	142
988	398	40
989	288	93
990	328	71
991	13	5
992	150	57
993	11	3
994	450	86
995	221	74
996	391	94
997	150	56
998	425	93
999	150	50
1000	205	70
1001	237	80
1002	150	34
1003	216	15
1004	317	80
1005	282	68
1006	150	29
1007	428	141
1008	334	80
1009	150	38
1010	329	149
1011	150	60
1012	448	99
1013	8	2
1014	150	28
1015	329	132
1016	7	4
1017	450	161
1018	8	2
1019	450	168
1020	450	175
1021	290	90
1022	246	48
1023	2	0
1024	450	135
1025	326	105
1026	7	4
1027	184	41
1028	425	207
1029	280	44
1030	273	77
1031	150	41
1032	150	44
1033	150	64
1034	450	85
1035	300	115
1036	14	3
1037	256	23
1038	9	2
1039	150	58
1040	450	75
1041	150	30
1042	246	33
1043	8	1
1044	370	89
1045	360	150
1046	16	7
1047	150	21
1048	360	106
1049	8	2
1050	172	33
1051	198	31
1052	0	0
1053	9	4
1054	364	77
1055	150	50
1056	294	85
1057	421	149
1058	450	89
1059	150	45
1060	150	53
1061	275	44
1062	158	36
1063	10	3
1064	22	12
1065	16	2
1066	319	121
1067	161	65
1068	450	150
1069	450	255
1070	243	40
1071	351	97
1072	450	172
1073	22	1
1074	152	32
1075	377	139
1076	401	33
1077	14	3
1078	450	102
1079	450	0
1080	157	58
1081	13	2
1082	450	177
1083	150	51
1084	402	53
1085	354	123
1086	450	49
1087	15	3
1088	289	127
1089	220	27
1090	446	66
1091	407	89
1092	450	181
1093	181	51
1094	6	2
1095	450	117
1096	304	102
1097	405	126
1098	407	73
1099	2	2
1100	285	85
1101	295	51
1102	340	43
1103	4	3
1104	150	23
1105	7	1
1106	154	67
1107	271	32
1108	375	115
1109	381	126
1110	450	114
1111	173	40
1112	348	116
1113	9	2
1114	14	9
1115	158	19
1116	276	98
1117	258	73
1118	153	54
1119	9	1
1120	250	79
1121	450	95
1122	220	118
1123	17	8
1124	14	2
1125	8	4
1126	333	120
1127	253	83
1128	150	72
1129	450	200
1130	450	138
1131	12	1
1132	300	46
1133	150	32
1134	439	11
1135	191	73
1136	282	97
1137	150	13
1138	8	3
1139	450	109
1140	9	2
1141	378	79
1142	450	149
1143	150	59
1144	150	42
1145	395	144
1146	12	3
1147	150	51
1148	252	89
1149	330	116
1150	12	6
1151	177	78
1152	415	238
1153	436	131
1154	450	156
1155	150	27
1156	356	23
1157	150	33
1158	450	220
1159	202	80
1160	254	81
1161	196	80
1162	413	143
1163	150	24
1164	265	52
1165	258	118
1166	183	71
1167	450	127
1168	344	121
1169	450	77
1170	450	198
1171	294	75
1172	9	3
1173	260	70
1174	7	1
1175	13	8
1176	231	72
1177	150	14
1178	445	223
1179	5	2
1180	335	82
1181	150	61
1182	233	92
1183	450	172
1184	413	161
1185	168	32
1186	150	54
1187	247	95
1188	150	80
1189	15	3
1190	384	104
1191	224	47
1192	272	76
1193	324	115
1194	150	70
1195	150	37
1196	333	91
1197	229	84
1198	12	5
1199	313	98
1200	450	136
1201	450	84
1202	11	0
1203	328	125
1204	150	59
1205	19	4
1206	10	4
1207	150	22
1208	450	134
1209	450	117
1210	10	1
1211	381	56
1212	6	1
1213	232	64
1214	267	76
1215	12	0
1216	444	20
1217	1	1
1218	9	5
1219	300	64
1220	450	95
1221	331	26
1222	364	57
1223	265	105
1224	150	65
1225	150	49
1226	450	221
1227	281	78
1228	190	84
1229	425	90
1230	7	2
1231	281	72
1232	297	22
1233	195	47
1234	368	157
1235	349	97
1236	293	49
1237	450	100
1238	450	157
1239	247	67
1240	309	52
1241	210	55
1242	11	2
1243	318	92
1244	12	6
1245	362	37
1246	4	3
1247	13	4
1248	367	117
1249	150	47
1250	364	0
1251	150	48
1252	14	6
1253	392	56
1254	441	97
1255	352	37
1256	356	109
1257	285	96
1258	283	102
1259	7	3
1260	396	98
1261	373	180
1262	450	101
1263	333	74
1264	450	127
1265	150	44
1266	161	61
1267	450	157
1268	264	73
1269	174	67
1270	408	127
1271	277	56
1272	344	108
1273	416	88
1274	150	34
1275	160	53
1276	450	142
1277	10	4
1278	432	74
1279	313	98
1280	450	16
1281	435	186
1282	407	119
1283	226	86
1284	311	123
1285	399	85
1286	252	38
1287	150	24
1288	450	99
1289	150	74
1290	450	78
1291	378	79
1292	421	125
1293	1	1
1294	434	149
1295	11	5
1296	7	2
1297	241	74
1298	421	125
1299	176	46
1300	450	131
1301	192	27
1302	17	0
1303	283	98
1304	166	49
1305	191	46
1306	316	91
1307	10	5
1308	251	90
1309	246	31
1310	349	140
1311	450	172
1312	7	2
1313	175	77
1314	262	22
1315	450	206
1316	9	3
1317	150	48
1318	377	128
1319	450	151
1320	285	94
1321	417	91
1322	382	174
1323	338	59
1324	349	45
1325	309	111
1326	450	138
1327	192	53
1328	11	2
1329	301	88
1330	181	54
1331	193	24
1332	306	132
1333	238	102
1334	388	76
1335	341	111
1336	150	47
1337	150	52
1338	150	50
1339	176	40
1340	283	42
1341	9	6
1342	365	119
1343	447	79
1344	244	78
1345	157	36
1346	317	85
1347	253	97
1348	150	45
1349	275	126
1350	423	79
1351	150	35
1352	202	38
1353	254	57
1354	231	104
1355	422	220
1356	9	0
1357	406	118
1358	387	125
1359	272	52
1360	321	88
1361	450	159
1362	324	118
1363	7	1
1364	12	7
1365	150	21
1366	175	62
1367	445	103
1368	450	135
1369	343	85
1370	445	137
1371	157	54
1372	203	61
1373	394	127
1374	343	133
1375	306	73
1376	450	207
1377	450	172
1378	150	27
1379	11	6
1380	199	33
1381	421	134
1382	7	2
1383	3	1
1384	450	136
1385	450	103
1386	374	135
1387	252	64
1388	5	0
1389	13	4
1390	291	56
1391	268	60
1392	217	77
1393	11	1
1394	216	52
1395	450	133
1396	270	63
1397	267	111
1398	208	63
1399	8	0
1400	256	95
1401	7	0
1402	381	161
1403	4	2
1404	309	107
1405	450	178
1406	382	147
1407	3	0
1408	187	85
1409	450	132
1410	450	130
1411	245	79
1412	354	116
1413	359	66
1414	360	127
1415	334	153
1416	299	79
1417	327	114
1418	1	0
1419	186	77
1420	450	163
1421	325	99
1422	274	69
1423	287	106
1424	2	1
1425	300	137
1426	338	96
1427	321	90
1428	312	42
1429	11	2
1430	150	54
1431	450	125
1432	13	5
1433	366	152
1434	438	93
1435	150	66
1436	450	106
1437	328	99
1438	284	112
1439	281	78
1440	150	68
1441	156	28
1442	450	190
1443	375	158
1444	450	166
1445	388	161
1446	321	66
1447	332	93
1448	18	11
1449	398	134
1450	450	144
1451	295	79
1452	450	162
1453	7	0
1454	14	3
1455	450	142
1456	372	104
1457	345	85
1458	150	49
1459	258	99
1460	16	10
1461	430	149
1462	450	90
1463	330	108
1464	235	87
1465	150	42
1466	0	0
1467	170	47
1468	218	71
1469	450	161
1470	150	18
1471	194	60
1472	4	2
1473	150	30
1474	450	198
1475	6	0
1476	156	32
1477	216	88
1478	288	96
1479	14	5
1480	379	62
1481	379	74
1482	228	63
1483	11	2
1484	6	3
1485	450	79
1486	446	120
1487	14	5
1488	7	2
1489	300	118
1490	242	45
1491	382	104
1492	7	1
1493	431	55
1494	14	8
1495	343	101
1496	150	76
1497	175	41
1498	183	45
1499	450	111
1500	150	32
1501	9	4
1502	267	118
1503	6	1
1504	251	67
1505	9	2
1506	193	65
1507	12	4
1508	295	30
1509	150	23
1510	226	84
1511	450	209
1512	150	52
1513	386	87
1514	150	53
1515	8	3
1516	9	4
1517	435	164
1518	162	50
1519	234	59
1520	269	96
1521	450	190
1522	150	43
1523	4	2
1524	440	121
1525	245	61
1526	450	143
1527	450	90
1528	12	2
1529	450	155
1530	329	155
1531	229	70
1532	323	155
1533	398	185
1534	450	73
1535	150	60
1536	6	3
1537	233	39
1538	423	83
1539	248	98
1540	232	70
1541	360	78
1542	354	104
1543	6	2
1544	373	55
1545	234	114
1546	450	87
1547	269	86
1548	297	101
1549	360	108
1550	429	105
1551	4	1
1552	7	3
1553	10	4
1554	150	68
1555	316	89
1556	409	76
1557	150	55
1558	150	25
1559	200	12
1560	450	154
1561	450	125
1562	227	41
1563	450	121
1564	229	37
1565	274	117
1566	377	88
1567	351	131
1568	292	52
1569	360	136
1570	411	82
1571	150	35
1572	426	50
1573	3	1
1574	4	2
1575	417	179
1576	173	61
1577	428	155
1578	282	39
1579	19	6
1580	150	66
1581	5	4
1582	407	177
1583	150	58
1584	18	1
1585	308	78
1586	183	47
1587	279	24
1588	439	131
1589	10	3
1590	11	3
1591	18	3
1592	347	85
1593	311	87
1594	315	79
1595	241	61
1596	233	58
1597	283	41
1598	317	139
1599	343	104
1600	408	143
1601	352	103
1602	150	42
1603	450	8
1604	365	30
1605	150	65
1606	150	37
1607	450	145
1608	224	114
1609	150	44
1610	393	119
1611	150	41
1612	334	96
1613	413	48
1614	151	42
1615	207	64
1616	5	1
1617	150	57
1618	9	1
1619	175	72
1620	150	30
1621	385	151
1622	238	49
1623	150	22
1624	191	80
1625	227	30
1626	12	2
1627	8	0
1628	450	142
1629	450	181
1630	150	43
1631	265	88
1632	345	76
1633	260	67
1634	429	147
1635	404	113
1636	190	58
1637	313	110
1638	309	49
1639	189	59
1640	150	28
1641	263	86
1642	332	131
1643	203	72
1644	172	71
1645	298	121
1646	9	3
1647	436	184
1648	348	115
1649	450	121
1650	156	8
1651	245	95
1652	281	108
1653	351	140
1654	167	41
1655	209	63
1656	215	50
1657	196	49
1658	364	119
1659	5	2
1660	389	106
1661	345	87
1662	16	6
1663	8	2
1664	334	88
1665	164	58
1666	19	6
1667	10	1
1668	281	46
1669	2	1
1670	150	60
1671	150	46
1672	385	125
1673	322	68
1674	450	159
1675	230	70
1676	161	52
1677	354	49
1678	6	1
1679	403	147
1680	168	46
1681	230	101
1682	150	46
1683	450	221
1684	450	62
1685	355	176
1686	248	30
1687	221	76
1688	450	117
1689	208	63
1690	254	86
1691	0	0
1692	5	2
1693	150	49
1694	301	119
1695	278	44
1696	7	1
1697	150	34
1698	150	55
1699	164	58
1700	281	94
1701	171	58
1702	282	104
1703	450	156
1704	349	149
1705	150	51
1706	450	163
1707	450	195
1708	150	46
1709	390	173
1710	150	40
1711	450	117
1712	379	101
1713	150	40
1714	227	5
1715	244	93
1716	360	69
1717	167	59
1718	150	46
1719	344	67
1720	258	76
1721	237	79
1722	401	133
1723	262	120
1724	18	9
1725	10	1
1726	345	86
1727	150	28
1728	150	43
1729	450	142
1730	450	203
1731	12	5
1732	315	38
1733	8	5
1734	450	119
1735	421	95
1736	214	39
1737	442	176
1738	450	139
1739	426	165
1740	413	149
1741	368	65
1742	150	56
1743	265	85
1744	13	5
1745	450	196
1746	176	65
1747	209	75
1748	150	48
1749	180	60
1750	150	24
1751	22	14
1752	175	21
1753	150	56
1754	309	74
1755	450	205
1756	326	98
1757	0	0
1758	450	95
1759	150	33
1760	450	159
1761	8	3
1762	450	129
1763	260	85
1764	150	28
1765	150	43
1766	188	58
1767	187	79
1768	410	173
1769	6	5
1770	8	1
1771	298	122
1772	450	117
1773	450	203
1774	450	120
1775	166	66
1776	289	118
1777	244	36
1778	188	37
1779	151	49
1780	236	41
1781	450	149
1782	179	70
1783	150	51
1784	450	180
1785	192	69
1786	447	60
1787	313	92
1788	303	144
1789	299	86
1790	450	192
1791	7	2
1792	208	60
1793	243	108
1794	228	84
1795	450	103
1796	324	121
1797	5	1
1798	5	2
1799	205	55
1800	8	3
1801	12	2
1802	10	6
1803	273	60
1804	450	168
1805	190	84
1806	10	3
1807	438	167
1808	317	110
1809	175	37
1810	450	78
1811	403	140
1812	308	59
1813	150	57
1814	291	84
1815	237	79
1816	13	8
1817	237	84
1818	150	51
1819	315	95
1820	450	74
1821	217	81
1822	424	93
1823	353	115
1824	450	148
1825	264	25
1826	450	104
1827	9	4
1828	221	97
1829	150	7
1830	326	171
1831	150	41
1832	12	6
1833	150	36
1834	450	70
1835	230	42
1836	392	125
1837	450	139
1838	199	38
1839	272	13
1840	150	53
1841	13	6
1842	150	25
1843	405	161
1844	239	61
1845	337	205
1846	450	148
1847	12	8
1848	150	54
1849	167	52
1850	16	3
1851	150	18
1852	15	2
1853	8	2
1854	321	118
1855	428	179
1856	150	29
1857	350	108
1858	339	152
1859	332	56
1860	150	19
1861	271	67
1862	366	119
1863	435	121
1864	5	1
1865	215	105
1866	16	10
1867	450	80
1868	350	69
1869	401	144
1870	150	22
1871	150	24
1872	228	50
1873	241	93
1874	255	67
1875	150	51
1876	18	7
1877	7	3
1878	205	49
1879	150	20
1880	368	31
1881	350	118
1882	17	6
1883	257	105
1884	363	126
1885	369	96
1886	260	46
1887	9	4
1888	208	51
1889	249	82
1890	7	1
1891	362	80
1892	244	95
1893	395	143
1894	450	121
1895	150	36
1896	450	150
1897	421	80
1898	357	109
1899	8	3
1900	5	1
1901	348	138
1902	411	37
1903	298	82
1904	253	47
1905	13	6
1906	265	78
1907	150	47
1908	359	153
1909	400	111
1910	450	110
1911	249	77
1912	150	45
1913	450	165
1914	288	93
1915	16	5
1916	15	3
1917	171	30
1918	7	1
1919	450	80
1920	196	47
1921	150	33
1922	5	0
1923	425	104
1924	432	85
1925	430	128
1926	450	120
1927	219	67
1928	271	76
1929	152	62
1930	450	90
1931	295	131
1932	450	85
1933	150	25
1934	152	81
1935	150	45
1936	356	67
1937	152	28
1938	450	199
1939	12	8
1940	406	101
1941	447	73
1942	155	51
1943	286	99
1944	150	42
1945	150	36
1946	206	65
1947	404	132
1948	150	70
1949	268	75
1950	150	36
1951	190	67
1952	309	31
1953	269	35
1954	277	80
1955	21	3
1956	230	48
1957	252	70
1958	15	6
1959	20	2
1960	445	85
1961	450	186
1962	413	119
1963	282	82
1964	2	0
1965	150	57
1966	11	2
1967	8	4
1968	308	103
1969	316	48
1970	6	1
1971	441	140
1972	150	68
1973	177	52
1974	273	65
1975	350	90
1976	423	170
1977	5	1
1978	150	66
1979	301	73
1980	7	4
1981	450	134
1982	2	0
1983	163	17
1984	150	60
1985	366	159
1986	158	62
1987	305	128
1988	450	79
1989	354	83
1990	8	3
1991	150	48
1992	8	1
1993	150	49
1994	210	49
1995	245	72
1996	150	45
1997	6	0
1998	365	73
1999	150	60
2000	18	5
2001	367	133
2002	150	31
2003	322	111
2004	450	157
2005	150	85
2006	252	89
2007	323	124
2008	318	69
2009	377	114
2010	258	82
2011	150	24
2012	11	3
2013	16	4
2014	17	6
2015	243	49
2016	18	2
2017	330	35
2018	7	3
2019	349	113
2020	278	45
2021	7	1
2022	323	100
2023	281	42
2024	380	148
2025	450	166
2026	10	2
2027	150	43
2028	13	5
2029	150	0
2030	343	57
2031	241	72
2032	169	66
2033	399	133
2034	207	51
2035	266	43
2036	150	34
2037	296	88
2038	163	44
2039	450	143
2040	388	126
2041	312	101
2042	277	99
2043	379	162
2044	381	137
2045	292	27
2046	402	88
2047	10	2
2048	269	121
2049	398	53
2050	450	95
2051	16	3
2052	6	0
2053	444	147
2054	150	38
2055	260	56
2056	18	4
2057	450	108
2058	22	10
2059	354	79
2060	450	4
2061	379	157
2062	182	78
2063	297	84
2064	220	68
2065	154	30
2066	150	59
2067	202	0
2068	430	206
2069	150	61
2070	15	6
2071	150	51
2072	183	50
2073	10	6
2074	391	74
2075	260	33
2076	308	127
2077	11	4
2078	150	52
2079	180	50
2080	151	37
2081	355	77
2082	427	157
2083	293	41
2084	269	101
2085	150	45
2086	305	110
2087	8	4
2088	18	0
2089	11	5
2090	13	3
2091	380	94
2092	386	146
2093	328	76
2094	314	83
2095	450	110
2096	247	69
2097	17	5
2098	19	6
2099	440	46
2100	265	66
2101	248	54
2102	450	126
2103	450	106
2104	338	74
2105	150	74
2106	11	6
2107	373	99
2108	450	118
2109	206	70
2110	308	61
2111	3	1
2112	252	77
2113	344	133
2114	11	3
2115	5	2
2116	211	56
2117	181	55
2118	3	1
2119	11	2
2120	150	41
2121	450	184
2122	193	43
2123	372	121
2124	150	44
2125	11	2
2126	6	1
2127	445	76
2128	450	206
2129	3	1
2130	13	5
2131	347	83
2132	450	94
2133	385	19
2134	14	6
2135	359	73
2136	364	62
2137	365	55
2138	428	160
2139	450	113
2140	316	99
2141	150	17
2142	201	10
2143	200	55
2144	450	55
2145	12	4
2146	271	86
2147	150	77
2148	450	119
2149	241	80
2150	220	51
2151	450	149
2152	365	133
2153	6	3
2154	236	66
2155	442	106
2156	188	71
2157	9	3
2158	150	76
2159	410	87
2160	191	39
2161	7	3
2162	316	53
2163	180	74
2164	150	40
2165	9	2
2166	450	242
2167	11	2
2168	424	134
2169	150	54
2170	222	98
2171	334	106
2172	150	51
2173	450	148
2174	323	121
2175	150	53
2176	450	79
2177	280	56
2178	450	134
2179	14	2
2180	450	148
2181	15	7
2182	450	228
2183	11	6
2184	6	4
2185	19	10
2186	196	46
2187	173	53
2188	450	212
2189	262	109
2190	330	59
2191	150	47
2192	150	19
2193	284	112
2194	6	4
2195	192	19
2196	413	160
2197	150	48
2198	230	58
2199	265	59
2200	150	48
2201	5	3
2202	244	55
2203	406	39
2204	265	79
2205	450	132
2206	4	0
2207	7	3
2208	208	87
2209	150	64
2210	320	112
2211	438	177
2212	352	115
2213	450	144
2214	303	58
2215	263	68
2216	150	47
2217	11	4
2218	269	71
2219	450	156
2220	150	13
2221	450	111
2222	178	93
2223	316	138
2224	0	0
2225	372	115
2226	233	112
2227	377	77
2228	9	0
2229	375	40
2230	183	40
2231	150	69
2232	441	127
2233	342	93
2234	13	6
2235	344	97
2236	179	49
2237	16	6
2238	297	74
2239	450	196
2240	20	6
2241	7	2
2242	450	216
2243	291	151
2244	434	122
2245	150	36
2246	19	13
2247	364	67
2248	291	108
2249	212	33
2250	294	98
2251	11	6
2252	19	1
2253	201	38
2254	13	1
2255	202	59
2256	450	107
2257	350	118
2258	331	93
2259	327	152
2260	450	130
2261	176	74
2262	450	149
2263	9	3
2264	12	4
2265	10	1
2266	336	111
2267	348	202
2268	150	35
2269	298	87
2270	252	59
2271	266	61
2272	10	2
2273	11	5
2274	174	53
2275	14	4
2276	230	52
2277	9	0
2278	13	5
2279	450	44
2280	450	97
2281	348	118
2282	450	152
2283	198	64
2284	450	69
2285	250	0
2286	371	119
2287	450	140
2288	420	111
2289	185	24
2290	211	29
2291	425	109
2292	244	66
2293	307	103
2294	412	93
2295	383	103
2296	7	1
2297	267	61
2298	450	145
2299	450	179
2300	409	146
2301	308	113
2302	450	157
2303	343	89
2304	150	26
2305	253	59
2306	15	6
2307	11	2
2308	16	5
2309	13	3
2310	224	51
2311	155	51
2312	435	94
2313	253	71
2314	150	61
2315	150	37
2316	287	81
2317	150	43
2318	450	114
2319	6	3
2320	15	2
2321	207	82
2322	150	43
2323	204	34
2324	407	165
2325	303	0
2326	450	158
2327	450	92
2328	449	117
2329	299	105
2330	288	55
2331	308	61
2332	11	4
2333	304	62
2334	14	9
2335	450	143
2336	7	3
2337	450	126
2338	352	85
2339	295	59
2340	8	4
2341	150	20
2342	8	3
2343	180	69
2344	4	1
2345	444	53
2346	227	77
2347	302	87
2348	292	78
2349	236	65
2350	302	101
2351	6	1
2352	258	62
2353	339	69
2354	21	9
2355	150	60
2356	389	97
2357	9	0
2358	450	168
2359	450	112
2360	201	59
2361	227	95
2362	21	8
2363	234	70
2364	318	69
2365	219	77
2366	165	25
2367	450	164
2368	344	125
2369	259	72
2370	9	6
2371	166	42
2372	389	89
2373	306	94
2374	184	50
2375	169	40
2376	221	68
2377	10	3
2378	6	1
2379	150	34
2380	182	31
2381	450	118
2382	450	110
2383	241	47
2384	450	87
2385	247	60
2386	445	125
2387	450	88
2388	269	89
2389	150	69
2390	321	113
2391	310	76
2392	450	158
2393	450	118
2394	231	105
2395	186	80
2396	150	32
2397	218	38
2398	1	0
2399	13	4
2400	350	115
2401	150	46
2402	240	49
2403	450	72
2404	403	36
2405	8	0
2406	254	74
2407	245	39
2408	255	17
2409	450	93
2410	12	5
2411	450	138
2412	160	76
2413	9	5
2414	199	55
2415	431	194
2416	411	130
2417	427	90
2418	6	3
2419	342	198
2420	291	84
2421	176	34
2422	230	106
2423	315	100
2424	150	42
2425	450	185
2426	4	0
2427	7	1
2428	415	112
2429	154	51
2430	247	98
2431	179	50
2432	4	3
2433	14	3
2434	285	115
2435	429	72
2436	204	86
2437	325	139
2438	450	178
2439	176	59
2440	422	160
2441	450	157
2442	446	177
2443	6	0
2444	150	45
2445	201	17
2446	17	6
2447	167	43
2448	150	26
2449	150	42
2450	379	109
2451	450	184
2452	16	4
2453	17	9
2454	150	54
2455	450	107
2456	353	103
2457	280	53
2458	150	56
2459	377	125
2460	373	72
2461	259	135
2462	450	140
2463	450	142
2464	292	97
2465	3	0
2466	363	92
2467	401	106
2468	270	72
2469	220	83
2470	345	68
2471	263	81
2472	10	2
2473	150	65
2474	293	64
2475	209	76
2476	328	145
2477	226	84
2478	450	150
2479	225	55
2480	15	5
2481	12	3
2482	303	140
2483	303	111
2484	314	139
2485	12	4
2486	271	76
2487	205	79
2488	439	163
2489	11	3
2490	401	51
2491	440	110
2492	9	2
2493	290	114
2494	17	4
2495	183	43
2496	410	216
2497	450	133
2498	150	43
2499	188	57
2500	334	108
2501	450	133
2502	386	153
2503	165	67
2504	10	3
2505	150	34
2506	179	63
2507	377	119
2508	152	57
2509	314	64
2510	7	5
2511	199	75
2512	450	80
2513	311	99
2514	267	108
2515	150	56
2516	252	52
2517	368	71
2518	167	18
2519	275	127
2520	10	2
2521	450	119
2522	450	235
2523	0	0
2524	13	3
2525	150	65
2526	150	53
2527	238	83
2528	18	6
2529	450	9
2530	3	2
2531	260	55
2532	150	40
2533	332	159
2534	158	31
2535	150	54
2536	150	25
2537	150	52
2538	150	33
2539	222	50
2540	10	2
2541	335	51
2542	376	114
2543	201	113
2544	12	3
2545	336	116
2546	335	129
2547	450	136
2548	150	39
2549	397	104
2550	230	55
2551	450	108
2552	252	55
2553	267	122
2554	348	166
2555	14	4
2556	450	185
2557	304	77
2558	11	1
2559	10	3
2560	450	111
2561	150	50
2562	450	97
2563	155	82
2564	423	133
2565	6	2
2566	374	138
2567	256	69
2568	13	2
2569	228	48
2570	16	1
2571	269	48
2572	8	5
2573	8	4
2574	450	109
2575	227	105
2576	238	79
2577	282	37
2578	450	96
2579	296	99
2580	450	134
2581	280	134
2582	372	163
2583	14	3
2584	450	135
2585	209	52
2586	5	1
2587	190	42
2588	150	33
2589	200	77
2590	315	72
2591	428	185
2592	449	105
2593	11	4
2594	11	3
2595	10	4
2596	150	42
2597	421	106
2598	375	95
2599	13	2
2600	406	159
2601	160	21
2602	154	75
2603	150	43
2604	245	83
2605	150	27
2606	150	49
2607	11	4
2608	450	128
2609	238	71
2610	243	93
2611	167	38
2612	297	71
2613	12	0
2614	264	81
2615	305	124
2616	8	2
2617	450	177
2618	150	55
2619	243	52
2620	14	5
2621	9	3
2622	366	112
2623	184	69
2624	175	58
2625	13	3
2626	299	111
2627	7	5
2628	382	95
2629	175	35
2630	10	1
2631	3	0
2632	450	129
2633	16	7
2634	450	93
2635	150	38
2636	150	46
2637	373	87
2638	428	131
2639	305	101
2640	450	61
2641	150	55
2642	450	103
2643	326	76
2644	182	29
2645	221	79
2646	415	159
2647	400	118
2648	206	77
2649	7	1
2650	192	46
2651	193	69
2652	8	1
2653	286	55
2654	168	42
2655	281	22
2656	357	89
2657	450	169
2658	249	63
2659	150	54
2660	450	205
2661	435	116
2662	24	6
2663	11	5
2664	230	46
2665	190	90
2666	150	55
2667	7	2
2668	450	113
2669	11	3
2670	8	5
2671	0	0
2672	227	87
2673	3	0
2674	150	60
2675	450	164
2676	273	47
2677	450	209
2678	299	97
2679	186	67
2680	349	88
2681	450	153
2682	190	85
2683	175	55
2684	270	80
2685	9	5
2686	187	43
2687	312	72
2688	422	140
2689	21	6
2690	10	3
2691	243	66
2692	267	124
2693	382	123
2694	450	59
2695	380	117
2696	6	2
2697	191	74
2698	229	37
2699	343	59
2700	258	72
2701	443	159
2702	221	67
2703	150	58
2704	0	0
2705	341	71
2706	411	196
2707	4	0
2708	450	141
2709	320	126
2710	349	103
2711	450	95
2712	230	82
2713	421	140
2714	401	65
2715	447	109
2716	329	143
2717	19	5
2718	150	39
2719	150	50
2720	283	74
2721	3	0
2722	150	66
2723	15	5
2724	2	0
2725	170	26
2726	157	57
2727	375	169
2728	419	130
2729	425	21
2730	379	73
2731	355	144
2732	402	66
2733	305	143
2734	362	107
2735	276	51
2736	182	51
2737	450	150
2738	424	9
2739	272	94
2740	14	7
2741	216	54
2742	217	61
2743	255	91
2744	427	146
2745	445	32
2746	150	17
2747	349	99
2748	14	3
2749	150	23
2750	219	57
2751	450	99
2752	331	86
2753	262	76
2754	16	3
2755	150	46
2756	295	90
2757	450	243
2758	10	1
2759	15	9
2760	263	76
2761	412	109
2762	306	88
2763	6	2
2764	326	88
2765	318	83
2766	450	55
2767	345	99
2768	156	31
2769	150	66
2770	150	28
2771	9	4
2772	235	38
2773	295	73
2774	150	30
2775	369	105
2776	328	141
2777	300	66
2778	450	224
2779	306	109
2780	368	108
2781	254	85
2782	150	43
2783	433	202
2784	357	152
2785	192	26
2786	362	132
2787	286	63
2788	184	23
2789	342	121
2790	10	2
2791	150	75
2792	384	162
2793	448	56
2794	341	109
2795	441	188
2796	378	73
2797	437	171
2798	450	136
2799	170	58
2800	150	24
2801	5	4
2802	150	48
2803	221	66
2804	12	2
2805	150	25
2806	4	2
2807	11	3
2808	11	2
2809	450	154
2810	12	6
2811	341	159
2812	10	1
2813	150	40
2814	9	0
2815	11	4
2816	450	121
2817	196	72
2818	17	9
2819	150	23
2820	363	128
2821	436	181
2822	378	128
2823	266	70
2824	360	159
2825	217	59
2826	439	158
2827	213	14
2828	403	95
2829	150	48
2830	15	5
2831	8	1
2832	215	60
2833	18	5
2834	328	87
2835	167	74
2836	450	52
2837	320	109
2838	230	22
2839	450	49
2840	11	2
2841	10	4
2842	340	133
2843	207	71
2844	450	113
2845	437	175
2846	12	8
2847	150	41
2848	291	39
2849	11	2
2850	336	72
2851	12	6
2852	450	147
2853	405	173
2854	337	67
2855	164	41
2856	378	56
2857	347	134
2858	333	26
2859	404	87
2860	206	62
2861	6	1
2862	247	0
2863	370	63
2864	283	62
2865	12	1
2866	150	25
2867	238	90
2868	150	32
2869	236	85
2870	336	141
2871	10	2
2872	250	72
2873	426	125
2874	450	252
2875	326	125
2876	283	2
2877	150	31
2878	150	37
2879	253	90
2880	443	60
2881	150	44
2882	450	131
2883	8	3
2884	327	165
2885	242	79
2886	450	192
2887	396	107
2888	374	150
2889	228	67
2890	17	7
2891	167	42
2892	210	18
2893	291	102
2894	334	77
2895	404	55
2896	21	9
2897	13	2
2898	302	39
2899	251	99
2900	374	95
2901	8	0
2902	15	5
2903	448	152
2904	248	97
2905	356	155
2906	7	4
2907	150	31
2908	375	51
2909	14	6
2910	258	75
2911	450	83
2912	2	1
2913	150	69
2914	17	5
2915	236	140
2916	340	52
2917	150	41
2918	225	89
2919	426	109
2920	428	157
2921	6	0
2922	400	200
2923	450	118
2924	375	117
2925	150	30
2926	204	71
2927	7	0
2928	450	84
2929	232	79
2930	14	6
2931	391	103
2932	10	2
2933	447	165
2934	16	6
2935	449	192
2936	239	71
2937	330	110
2938	305	132
2939	267	57
2940	261	138
2941	182	105
2942	243	104
2943	13	3
2944	14	2
2945	369	93
2946	12	2
2947	11	7
2948	352	64
2949	311	102
2950	11	3
2951	450	122
2952	223	75
2953	292	89
2954	347	68
2955	6	2
2956	16	7
2957	15	6
2958	356	117
2959	190	67
2960	15	5
2961	6	3
2962	248	81
2963	370	49
2964	3	1
2965	315	85
2966	394	113
2967	295	92
2968	209	53
2969	4	0
2970	351	96
2971	150	54
2972	201	63
2973	20	7
2974	150	60
2975	450	160
2976	150	37
2977	433	142
2978	239	23
2979	447	100
2980	432	73
2981	450	162
2982	450	99
2983	249	107
2984	410	142
2985	402	213
2986	450	95
2987	346	118
2988	450	45
2989	150	64
2990	212	34
2991	6	3
2992	9	1
2993	7	2
2994	244	60
2995	450	153
2996	388	130
2997	403	179
2998	150	54
2999	237	61
3000	360	142
3001	248	51
3002	240	57
3003	10	5
3004	450	63
3005	150	51
3006	14	6
3007	450	133
3008	391	157
3009	14	7
3010	5	1
3011	324	56
3012	194	46
3013	13	5
3014	14	5
3015	150	58
3016	150	14
3017	6	2
3018	450	88
3019	404	136
3020	409	129
3021	278	77
3022	302	12
3023	20	2
3024	167	56
3025	266	50
3026	150	30
3027	450	121
3028	215	34
3029	450	71
3030	150	20
3031	284	86
3032	226	90
3033	10	7
3034	344	147
3035	150	51
3036	332	93
3037	450	131
3038	162	31
3039	415	112
3040	16	3
3041	150	50
3042	158	42
3043	150	33
3044	154	51
3045	362	90
3046	298	116
3047	176	26
3048	393	181
3049	10	0
3050	261	61
3051	450	80
3052	231	59
3053	150	43
3054	186	76
3055	232	47
3056	450	53
3057	410	204
3058	184	58
3059	179	52
3060	13	4
3061	277	82
3062	174	54
3063	159	76
3064	150	59
3065	150	33
3066	450	129
3067	398	148
3068	450	175
3069	450	170
3070	220	56
3071	398	129
3072	447	111
3073	285	167
3074	306	86
3075	150	63
3076	175	34
3077	224	87
3078	450	173
3079	150	32
3080	189	28
3081	150	43
3082	418	133
3083	441	127
3084	334	99
3085	433	78
3086	319	110
3087	450	73
3088	344	103
3089	12	3
3090	217	61
3091	150	48
3092	450	86
3093	450	173
3094	285	64
3095	11	2
3096	450	224
3097	371	130
3098	224	30
3099	229	71
3100	282	114
3101	246	83
3102	153	61
3103	335	93
3104	150	54
3105	12	7
3106	265	91
3107	16	6
3108	297	82
3109	450	110
3110	297	75
3111	291	109
3112	0	0
3113	14	4
3114	174	53
3115	15	6
3116	450	137
3117	155	58
3118	421	98
3119	290	103
3120	329	85
3121	340	97
3122	450	127
3123	450	197
3124	293	104
3125	420	117
3126	8	3
3127	150	33
3128	257	120
3129	213	55
3130	229	103
3131	450	220
3132	271	94
3133	341	51
3134	450	185
3135	306	43
3136	377	56
3137	450	182
3138	450	182
3139	7	2
3140	240	41
3141	339	115
3142	324	58
3143	167	41
3144	296	119
3145	239	5
3146	450	58
3147	439	88
3148	450	160
3149	8	2
3150	398	140
3151	450	143
3152	450	83
3153	150	41
3154	20	2
3155	450	198
3156	150	61
3157	329	83
3158	150	56
3159	450	48
3160	302	119
3161	150	61
3162	267	66
3163	357	20
3164	394	125
3165	417	175
3166	1	0
3167	432	195
3168	350	135
3169	150	31
3170	450	182
3171	275	82
3172	282	120
3173	204	59
3174	356	58
3175	217	63
3176	150	58
3177	450	181
3178	441	40
3179	450	211
3180	150	40
3181	450	176
3182	8	4
3183	450	29
3184	293	105
3185	450	156
3186	450	120
3187	150	24
3188	0	0
3189	450	22
3190	285	113
3191	150	32
3192	415	50
3193	338	77
3194	430	112
3195	232	120
3196	210	80
3197	222	75
3198	150	44
3199	330	70
3200	365	89
3201	8	4
3202	250	80
3203	7	1
3204	4	1
3205	10	4
3206	406	129
3207	267	81
3208	259	35
3209	419	197
3210	335	26
3211	388	20
3212	450	263
3213	169	80
3214	342	82
3215	450	140
3216	353	146
3217	150	62
3218	229	70
3219	263	86
3220	286	67
3221	241	62
3222	11	2
3223	304	59
3224	277	81
3225	13	5
3226	194	58
3227	450	222
3228	8	1
3229	381	142
3230	450	155
3231	321	96
3232	11	3
3233	261	66
3234	10	0
3235	341	114
3236	335	95
3237	342	115
3238	403	95
3239	150	51
3240	214	82
3241	306	94
3242	365	23
3243	203	11
3244	14	5
3245	150	37
3246	322	122
3247	217	95
3248	17	7
3249	221	37
3250	295	105
3251	9	3
3252	12	0
3253	315	89
3254	263	91
3255	229	82
3256	10	3
3257	152	66
3258	169	36
3259	268	49
3260	178	22
3261	150	49
3262	170	52
3263	441	189
3264	3	2
3265	5	2
3266	150	53
3267	176	19
3268	330	107
3269	150	51
3270	347	115
3271	11	3
3272	450	157
3273	344	116
3274	330	121
3275	299	94
3276	296	59
3277	12	0
3278	205	52
3279	14	0
3280	10	4
3281	450	160
3282	8	0
3283	345	133
3284	150	74
3285	11	1
3286	450	142
3287	170	76
3288	18	2
3289	257	85
3290	14	4
3291	450	172
3292	414	121
3293	13	4
3294	312	114
3295	450	184
3296	150	50
3297	450	127
3298	317	131
3299	150	38
3300	195	73
3301	412	116
3302	450	160
3303	251	67
3304	363	160
3305	427	141
3306	8	1
3307	450	89
3308	438	144
3309	428	96
3310	448	129
3311	171	48
3312	150	42
3313	332	90
3314	358	156
3315	231	66
3316	415	112
3317	265	61
3318	228	46
3319	8	4
3320	9	5
3321	305	46
3322	212	71
3323	150	59
3324	17	9
3325	246	75
3326	166	77
3327	307	143
3328	341	102
3329	450	120
3330	20	4
3331	12	1
3332	268	23
3333	12	6
3334	374	150
3335	258	95
3336	450	61
3337	186	41
3338	150	53
3339	450	126
3340	450	159
3341	442	104
3342	374	151
3343	348	95
3344	150	21
3345	151	13
3346	10	3
3347	150	29
3348	9	3
3349	305	132
3350	450	118
3351	364	178
3352	19	6
3353	308	151
3354	311	116
3355	246	58
3356	150	27
3357	437	134
3358	342	82
3359	5	2
3360	150	49
3361	11	6
3362	206	41
3363	342	103
3364	450	59
3365	17	1
3366	150	55
3367	189	70
3368	410	142
3369	321	22
3370	450	143
3371	447	186
3372	4	1
3373	173	46
3374	15	7
3375	165	43
3376	150	61
3377	319	29
3378	321	82
3379	354	45
3380	150	44
3381	18	7
3382	17	9
3383	445	116
3384	346	91
3385	7	4
3386	370	141
3387	21	4
3388	450	158
3389	333	111
3390	312	33
3391	258	40
3392	361	71
3393	450	136
3394	269	136
3395	263	90
3396	357	127
3397	5	3
3398	355	123
3399	150	34
3400	265	74
3401	450	102
3402	450	89
3403	450	145
3404	190	65
3405	150	45
3406	20	1
3407	6	1
3408	7	4
3409	450	76
3410	150	35
3411	10	2
3412	150	69
3413	450	130
3414	259	90
3415	450	219
3416	218	83
3417	150	61
3418	450	54
3419	392	125
3420	150	35
3421	285	81
3422	450	92
3423	450	123
3424	258	90
3425	235	30
3426	150	21
3427	366	74
3428	450	119
3429	188	52
3430	17	5
3431	422	81
3432	384	153
3433	324	79
3434	150	55
3435	6	1
3436	315	82
3437	332	155
3438	450	116
3439	183	48
3440	450	116
3441	150	31
3442	150	34
3443	337	79
3444	340	121
3445	382	42
3446	450	181
3447	450	113
3448	450	113
3449	216	60
3450	150	35
3451	214	62
3452	450	133
3453	180	85
3454	450	69
3455	196	17
3456	245	55
3457	307	131
3458	269	51
3459	240	60
3460	313	65
3461	12	1
3462	450	103
3463	10	2
3464	164	39
3465	376	140
3466	411	124
3467	242	47
3468	150	32
3469	165	32
3470	12	4
3471	150	81
3472	152	41
3473	298	34
3474	450	115
3475	450	159
3476	259	59
3477	186	38
3478	450	85
3479	177	47
3480	450	55
3481	417	132
3482	307	173
3483	412	82
3484	363	119
3485	450	174
3486	4	1
3487	450	55
3488	304	102
3489	299	45
3490	222	92
3491	150	30
3492	450	184
3493	441	99
3494	342	189
3495	210	42
3496	317	107
3497	358	176
3498	10	2
3499	244	87
3500	150	59
3501	253	53
3502	297	60
3503	172	59
3504	150	43
3505	365	70
3506	150	75
3507	248	94
3508	15	4
3509	16	7
3510	403	171
3511	159	43
3512	150	60
3513	237	73
3514	298	75
3515	163	16
3516	225	26
3517	0	0
3518	18	1
3519	285	107
3520	450	66
3521	6	2
3522	437	195
3523	224	39
3524	304	92
3525	240	74
3526	435	78
3527	327	154
3528	150	47
3529	393	210
3530	255	79
3531	314	92
3532	7	3
3533	366	74
3534	450	111
3535	5	0
3536	193	48
3537	150	46
3538	340	103
3539	279	85
3540	344	100
3541	10	0
3542	150	69
3543	310	120
3544	14	6
3545	371	151
3546	301	68
3547	150	51
3548	442	135
3549	150	53
3550	450	87
3551	226	67
3552	241	58
3553	368	116
3554	419	97
3555	8	2
3556	450	69
3557	163	43
3558	8	2
3559	337	105
3560	342	56
3561	379	178
3562	414	119
3563	238	58
3564	10	2
3565	150	51
3566	321	41
3567	150	25
3568	416	89
3569	273	79
3570	408	166
3571	445	82
3572	150	20
3573	261	61
3574	11	2
3575	150	45
3576	450	203
3577	450	160
3578	427	114
3579	375	136
3580	150	36
3581	450	91
3582	150	36
3583	150	56
3584	150	47
3585	450	30
3586	450	60
3587	21	6
3588	394	122
3589	155	63
3590	2	1
3591	201	65
3592	8	6
3593	150	54
3594	330	50
3595	150	33
3596	6	0
3597	3	2
3598	11	4
3599	173	24
3600	5	2
3601	310	175
3602	150	62
3603	223	13
3604	344	133
3605	14	5
3606	8	2
3607	12	3
3608	150	43
3609	364	82
3610	272	53
3611	330	139
3612	401	183
3613	150	31
3614	393	66
3615	341	139
3616	175	58
3617	187	68
3618	6	1
3619	297	32
3620	345	108
3621	387	141
3622	186	34
3623	11	1
3624	360	99
3625	334	51
3626	230	88
3627	7	2
3628	295	26
3629	295	73
3630	14	7
3631	388	56
3632	156	35
3633	14	3
3634	10	4
3635	184	50
3636	199	67
3637	8	2
3638	185	77
3639	297	110
3640	150	44
3641	347	130
3642	450	158
3643	150	29
3644	450	126
3645	305	126
3646	305	59
3647	15	6
3648	450	159
3649	9	2
3650	154	42
3651	8	1
3652	404	141
3653	450	129
3654	174	73
3655	450	99
3656	150	22
3657	150	81
3658	386	69
3659	361	90
3660	385	87
3661	450	202
3662	179	57
3663	257	73
3664	6	4
3665	8	1
3666	150	45
3667	170	11
3668	441	172
3669	450	165
3670	223	39
3671	430	41
3672	217	76
3673	301	115
3674	337	86
3675	316	82
3676	9	1
3677	150	69
3678	186	53
3679	212	85
3680	227	38
3681	312	144
3682	294	76
3683	366	87
3684	450	112
3685	347	83
3686	231	74
3687	3	0
3688	150	33
3689	22	8
3690	365	104
3691	450	156
3692	7	0
3693	150	47
3694	450	80
3695	11	4
3696	184	76
3697	150	34
3698	399	95
3699	202	74
3700	150	60
3701	0	0
3702	15	4
3703	150	21
3704	150	27
3705	150	18
3706	14	1
3707	8	0
3708	201	120
3709	246	54
3710	180	44
3711	150	43
3712	450	162
3713	434	113
3714	164	52
3715	4	2
3716	241	91
3717	368	107
3718	9	1
3719	11	5
3720	339	129
3721	180	41
3722	307	134
3723	332	47
3724	406	105
3725	9	5
3726	439	11
3727	450	274
3728	450	159
3729	150	64
3730	416	170
3731	450	164
3732	327	159
3733	150	39
3734	278	56
3735	175	57
3736	5	1
3737	355	135
3738	328	81
3739	450	113
3740	310	100
3741	315	70
3742	450	150
3743	450	98
3744	200	109
3745	217	75
3746	20	6
3747	16	3
3748	450	224
3749	235	35
3750	450	171
3751	321	100
3752	450	156
3753	150	41
3754	386	145
3755	245	80
3756	189	60
3757	20	7
3758	169	47
3759	450	145
3760	450	129
3761	150	50
3762	160	48
3763	166	64
3764	158	27
3765	450	119
3766	221	56
3767	12	7
3768	412	78
3769	398	134
3770	306	155
3771	19	13
3772	450	121
3773	150	67
3774	450	121
3775	5	2
3776	192	75
3777	371	97
3778	293	118
3779	161	41
3780	256	57
3781	280	73
3782	251	107
3783	289	112
3784	203	44
3785	5	2
3786	12	4
3787	150	94
3788	379	150
3789	450	156
3790	225	41
3791	348	136
3792	8	2
3793	320	79
3794	3	1
3795	405	116
3796	9	2
3797	309	148
3798	311	126
3799	150	52
3800	207	46
3801	222	48
3802	216	35
3803	7	3
3804	450	235
3805	173	48
3806	14	4
3807	329	89
3808	364	35
3809	310	63
3810	292	83
3811	195	14
3812	199	63
3813	226	66
3814	150	46
3815	442	119
3816	158	26
3817	287	50
3818	249	70
3819	407	216
3820	150	66
3821	150	42
3822	376	104
3823	287	60
3824	228	82
3825	450	151
3826	347	82
3827	249	57
3828	409	123
3829	16	7
3830	11	4
3831	150	54
3832	150	39
3833	410	185
3834	288	96
3835	432	134
3836	150	50
3837	416	152
3838	150	52
3839	15	2
3840	150	25
3841	7	3
3842	15	5
3843	12	7
3844	10	4
3845	181	40
3846	159	44
3847	11	4
3848	306	66
3849	150	42
3850	293	81
3851	150	22
3852	418	60
3853	14	8
3854	150	52
3855	360	137
3856	8	0
3857	9	0
3858	450	72
3859	13	2
3860	419	137
3861	5	3
3862	150	47
3863	150	23
3864	300	127
3865	268	58
3866	16	7
3867	393	127
3868	450	166
3869	231	79
3870	12	2
3871	2	0
3872	344	134
3873	450	154
3874	331	140
3875	450	130
3876	11	2
3877	150	39
3878	150	32
3879	150	49
3880	284	49
3881	445	142
3882	9	1
3883	9	1
3884	239	81
3885	450	172
3886	380	142
3887	407	210
3888	304	82
3889	150	58
3890	7	1
3891	9	0
3892	263	93
3893	11	2
3894	205	33
3895	398	159
3896	312	58
3897	450	150
3898	354	150
3899	1	0
3900	3	0
3901	199	75
3902	4	1
3903	306	48
3904	10	4
3905	12	1
3906	17	6
3907	348	79
3908	450	62
3909	150	50
3910	150	49
3911	450	129
3912	12	3
3913	277	46
3914	182	60
3915	150	57
3916	450	148
3917	200	47
3918	450	161
3919	312	95
3920	450	157
3921	447	127
3922	271	101
3923	150	31
3924	150	73
3925	4	3
3926	411	107
3927	237	22
3928	261	92
3929	307	123
3930	251	78
3931	6	2
3932	2	1
3933	151	38
3934	262	66
3935	4	1
3936	375	36
3937	450	125
3938	9	1
3939	150	48
3940	372	107
3941	4	0
3942	200	66
3943	151	64
3944	450	62
3945	8	4
3946	416	173
3947	7	2
3948	14	3
3949	431	107
3950	157	47
3951	296	110
3952	6	4
3953	168	63
3954	244	87
3955	300	101
3956	220	44
3957	12	4
3958	323	149
3959	264	105
3960	319	104
3961	450	110
3962	450	142
3963	11	5
3964	450	183
3965	272	83
3966	8	0
3967	450	184
3968	438	185
3969	157	25
3970	150	36
3971	15	4
3972	306	102
3973	10	3
3974	153	44
3975	150	58
3976	184	70
3977	307	78
3978	150	49
3979	150	40
3980	246	97
3981	450	52
3982	319	147
3983	358	117
3984	2	0
3985	4	0
3986	150	51
3987	279	86
3988	17	3
3989	150	33
3990	240	112
3991	354	79
3992	4	2
3993	150	72
3994	16	6
3995	401	56
3996	320	91
3997	395	122
3998	406	100
3999	9	4
4000	196	45
4001	270	75
4002	10	1
4003	314	123
4004	450	179
4005	305	80
4006	358	88
4007	215	88
4008	450	61
4009	18	4
4010	322	151
4011	277	89
4012	437	163
4013	217	70
4014	450	64
4015	450	65
4016	312	43
4017	205	54
4018	445	72
4019	450	191
4020	302	105
4021	309	96
4022	15	0
4023	450	63
4024	2	2
4025	375	161
4026	206	103
4027	235	76
4028	150	77
4029	176	57
4030	161	47
4031	196	45
4032	319	179
4033	167	50
4034	15	3
4035	316	87
4036	165	77
4037	291	80
4038	17	10
4039	370	135
4040	288	103
4041	351	108
4042	4	0
4043	412	163
4044	256	110
4045	304	68
4046	450	211
4047	369	146
4048	150	66
4049	150	52
4050	10	3
4051	342	47
4052	7	3
4053	450	165
4054	150	36
4055	287	127
4056	257	111
4057	301	144
4058	164	54
4059	150	45
4060	150	42
4061	410	136
4062	414	162
4063	150	29
4064	371	106
4065	185	25
4066	447	62
4067	318	89
4068	7	3
4069	183	58
4070	150	41
4071	14	2
4072	8	2
4073	450	80
4074	338	133
4075	2	1
4076	371	156
4077	9	1
4078	281	94
4079	244	73
4080	381	39
4081	308	132
4082	450	155
4083	207	48
4084	325	147
4085	176	78
4086	150	36
4087	450	156
4088	352	64
4089	15	4
4090	396	85
4091	10	2
4092	171	30
4093	361	165
4094	184	80
4095	255	120
4096	6	1
4097	24	2
4098	4	2
4099	150	51
4100	450	125
4101	227	94
4102	10	4
4103	450	55
4104	10	4
4105	266	84
4106	321	89
4107	222	70
4108	220	62
4109	4	1
4110	450	98
4111	16	1
4112	11	4
4113	239	110
4114	450	85
4115	342	93
4116	288	86
4117	302	155
4118	385	25
4119	450	120
4120	293	48
4121	247	82
4122	274	73
4123	312	113
4124	450	121
4125	150	34
4126	386	151
4127	10	3
4128	300	163
4129	150	13
4130	250	51
4131	406	67
4132	285	73
4133	246	96
4134	4	2
4135	450	105
4136	450	115
4137	450	96
4138	450	100
4139	17	7
4140	9	3
4141	450	125
4142	205	94
4143	237	35
4144	362	39
4145	225	47
4146	284	42
4147	202	42
4148	435	162
4149	263	31
4150	234	93
4151	281	130
4152	150	48
4153	450	117
4154	285	101
4155	450	158
4156	150	20
4157	182	114
4158	367	128
4159	237	63
4160	4	2
4161	150	61
4162	450	110
4163	6	2
4164	209	69
4165	190	4
4166	150	33
4167	300	134
4168	287	33
4169	5	0
4170	150	64
4171	343	84
4172	419	111
4173	175	68
4174	150	60
4175	188	41
4176	181	76
4177	150	45
4178	450	193
4179	375	130
4180	8	3
4181	391	104
4182	0	0
4183	263	94
4184	298	126
4185	450	99
4186	17	6
4187	150	40
4188	9	1
4189	9	3
4190	393	98
4191	428	179
4192	18	7
4193	308	69
4194	150	66
4195	301	107
4196	299	96
4197	6	1
4198	450	94
4199	450	182
4200	13	2
4201	217	101
4202	150	50
4203	150	53
4204	171	46
4205	8	3
4206	262	46
4207	265	95
4208	183	53
4209	150	25
4210	8	4
4211	7	3
4212	433	80
4213	150	47
4214	450	185
4215	450	133
4216	256	81
4217	150	33
4218	12	2
4219	190	87
4220	194	64
4221	10	2
4222	450	163
4223	353	143
4224	150	20
4225	9	3
4226	208	46
4227	186	74
4228	264	95
4229	352	91
4230	450	144
4231	7	2
4232	374	225
4233	419	136
4234	335	136
4235	293	19
4236	6	1
4237	229	50
4238	192	54
4239	291	86
4240	305	64
4241	8	0
4242	449	38
4243	344	74
4244	450	26
4245	234	108
4246	255	88
4247	294	45
4248	14	6
4249	195	40
4250	6	2
4251	198	104
4252	210	49
4253	355	103
4254	439	116
4255	4	3
4256	328	157
4257	8	3
4258	440	85
4259	150	52
4260	150	58
4261	13	2
4262	150	73
4263	150	59
4264	206	18
4265	223	26
4266	313	78
4267	14	6
4268	290	101
4269	304	64
4270	259	50
4271	325	86
4272	150	25
4273	150	20
4274	433	141
4275	158	75
4276	356	86
4277	450	145
4278	450	212
4279	5	3
4280	397	137
4281	450	120
4282	150	34
4283	450	131
4284	276	81
4285	395	50
4286	450	130
4287	197	58
4288	450	128
4289	419	134
4290	197	40
4291	150	31
4292	344	87
4293	10	0
4294	197	68
4295	189	37
4296	11	2
4297	233	106
4298	424	70
4299	150	45
4300	257	58
4301	17	5
4302	380	121
4303	205	70
4304	7	4
4305	277	47
4306	324	108
4307	150	21
4308	260	83
4309	6	0
4310	450	203
4311	1	0
4312	450	111
4313	12	4
4314	208	45
4315	150	40
4316	17	7
4317	353	137
4318	267	103
4319	253	127
4320	150	16
4321	357	149
4322	150	33
4323	439	149
4324	7	2
4325	150	62
4326	209	55
4327	221	39
4328	258	85
4329	6	1
4330	6	3
4331	450	115
4332	9	4
4333	17	3
4334	269	91
4335	450	130
4336	0	0
4337	166	64
4338	339	139
4339	421	92
4340	312	95
4341	418	109
4342	150	67
4343	212	32
4344	439	193
4345	154	40
4346	10	4
4347	388	150
4348	361	107
4349	450	150
4350	150	42
4351	323	50
4352	16	4
4353	11	3
4354	401	113
4355	7	2
4356	397	168
4357	19	4
4358	247	99
4359	150	73
4360	450	4
4361	396	118
4362	285	101
4363	150	13
4364	417	110
4365	225	86
4366	150	35
4367	159	57
4368	239	48
4369	380	217
4370	150	36
4371	385	188
4372	450	190
4373	265	75
4374	201	74
4375	150	9
4376	181	49
4377	290	82
4378	335	95
4379	150	18
4380	345	86
4381	150	79
4382	3	2
4383	314	102
4384	370	93
4385	450	163
4386	450	107
4387	355	123
4388	166	64
4389	299	87
4390	273	24
4391	257	136
4392	425	204
4393	450	153
4394	13	2
4395	450	201
4396	450	176
4397	13	4
4398	450	150
4399	11	2
4400	8	2
4401	184	50
4402	449	152
4403	243	65
4404	450	155
4405	258	66
4406	150	51
4407	150	82
4408	13	6
4409	150	33
4410	16	5
4411	6	2
4412	262	58
4413	6	2
4414	296	99
4415	450	187
4416	209	79
4417	424	124
4418	150	46
4419	332	135
4420	238	75
4421	182	53
4422	304	85
4423	150	33
4424	325	120
4425	450	133
4426	242	78
4427	450	135
4428	450	148
4429	3	0
4430	450	144
4431	155	44
4432	304	67
4433	345	114
4434	7	2
4435	264	99
4436	313	144
4437	17	4
4438	450	83
4439	150	38
4440	185	110
4441	371	70
4442	450	152
4443	150	48
4444	6	3
4445	450	130
4446	150	54
4447	15	4
4448	150	57
4449	236	51
4450	14	5
4451	150	43
4452	450	132
4453	150	49
4454	234	36
4455	338	112
4456	150	53
4457	366	128
4458	259	50
4459	307	36
4460	383	83
4461	450	138
4462	13	5
4463	5	0
4464	6	3
4465	150	79
4466	271	65
4467	401	154
4468	271	75
4469	256	57
4470	411	31
4471	428	135
4472	450	53
4473	15	4
4474	150	39
4475	450	145
4476	354	59
4477	309	102
4478	260	82
4479	150	40
4480	450	158
4481	11	4
4482	450	73
4483	243	7
4484	402	117
4485	150	69
4486	150	35
4487	150	56
4488	202	60
4489	450	218
4490	208	36
4491	272	66
4492	250	90
4493	229	77
4494	222	63
4495	393	43
4496	234	88
4497	325	164
4498	220	71
4499	368	170
4500	9	1
4501	351	63
4502	450	78
4503	383	99
4504	342	94
4505	18	3
4506	386	121
4507	273	58
4508	246	132
4509	354	135
4510	175	64
4511	7	1
4512	16	2
4513	428	80
4514	207	64
4515	450	153
4516	450	72
4517	150	32
4518	288	92
4519	450	86
4520	264	57
4521	450	133
4522	7	1
4523	15	1
4524	13	2
4525	150	46
4526	150	46
4527	450	88
4528	263	72
4529	362	85
4530	10	4
4531	450	176
4532	150	67
4533	150	26
4534	329	155
4535	229	56
4536	300	113
4537	445	226
4538	150	43
4539	371	94
4540	150	56
4541	5	0
4542	450	129
4543	348	134
4544	347	118
4545	339	72
4546	450	135
4547	441	153
4548	315	96
4549	150	58
4550	152	59
4551	288	117
4552	356	100
4553	403	128
4554	411	160
4555	263	58
4556	402	124
4557	245	66
4558	404	149
4559	150	19
4560	450	188
4561	222	88
4562	312	106
4563	366	102
4564	419	247
4565	450	67
4566	401	132
4567	308	70
4568	271	68
4569	172	35
4570	450	78
4571	311	41
4572	450	119
4573	423	88
4574	372	87
4575	450	136
4576	267	75
4577	258	98
4578	10	1
4579	150	27
4580	287	75
4581	253	28
4582	399	138
4583	365	154
4584	322	100
4585	351	131
4586	184	40
4587	450	124
4588	306	72
4589	150	36
4590	150	53
4591	265	147
4592	310	174
4593	390	109
4594	282	148
4595	345	119
4596	19	4
4597	367	99
4598	450	163
4599	382	162
4600	8	4
4601	281	93
4602	299	38
4603	157	28
4604	150	29
4605	211	65
4606	367	75
4607	161	63
4608	8	1
4609	9	3
4610	150	31
4611	201	89
4612	232	43
4613	151	47
4614	394	156
4615	3	1
4616	11	4
4617	156	30
4618	150	46
4619	6	3
4620	16	4
4621	278	91
4622	282	103
4623	176	63
4624	12	2
4625	150	55
4626	450	180
4627	346	93
4628	325	105
4629	399	180
4630	450	144
4631	175	63
4632	437	116
4633	192	29
4634	450	80
4635	294	95
4636	8	2
4637	403	199
4638	153	22
4639	450	205
4640	450	68
4641	401	156
4642	150	43
4643	150	39
4644	13	7
4645	6	0
4646	229	96
4647	232	97
4648	450	118
4649	16	1
4650	3	0
4651	450	137
4652	340	84
4653	344	122
4654	379	109
4655	222	76
4656	4	0
4657	200	91
4658	450	102
4659	450	165
4660	352	142
4661	403	118
4662	450	149
4663	422	100
4664	428	75
4665	450	133
4666	357	90
4667	310	50
4668	288	86
4669	7	1
4670	450	158
4671	237	74
4672	223	48
4673	4	0
4674	298	72
4675	150	33
4676	150	32
4677	279	75
4678	249	37
4679	337	45
4680	395	110
4681	150	57
4682	9	4
4683	150	71
4684	150	59
4685	409	118
4686	220	41
4687	450	222
4688	382	51
4689	277	80
4690	9	5
4691	392	100
4692	332	87
4693	16	10
4694	150	15
4695	331	137
4696	450	110
4697	318	71
4698	237	57
4699	183	17
4700	15	6
4701	232	62
4702	150	48
4703	223	99
4704	15	6
4705	221	46
4706	224	83
4707	8	2
4708	385	103
4709	7	1
4710	200	24
4711	150	33
4712	202	50
4713	450	59
4714	423	81
4715	316	102
4716	3	0
4717	450	190
4718	343	95
4719	21	6
4720	284	122
4721	150	41
4722	8	2
4723	397	82
4724	10	4
4725	450	132
4726	304	36
4727	8	3
4728	12	5
4729	248	45
4730	163	86
4731	279	65
4732	185	46
4733	329	133
4734	450	154
4735	7	4
4736	150	41
4737	287	67
4738	15	10
4739	420	96
4740	217	77
4741	346	138
4742	286	98
4743	338	126
4744	268	39
4745	9	2
4746	324	117
4747	329	109
4748	450	90
4749	10	3
4750	328	110
4751	180	35
4752	156	48
4753	150	37
4754	150	48
4755	10	0
4756	443	140
4757	412	115
4758	251	61
4759	450	210
4760	150	79
4761	8	2
4762	306	34
4763	197	98
4764	400	99
4765	358	116
4766	5	2
4767	150	23
4768	6	1
4769	242	99
4770	150	43
4771	245	105
4772	150	7
4773	303	86
4774	182	57
4775	219	39
4776	313	57
4777	19	3
4778	14	6
4779	15	5
4780	450	92
4781	450	184
4782	324	132
4783	290	102
4784	397	72
4785	150	40
4786	150	51
4787	450	142
4788	278	60
4789	372	80
4790	293	91
4791	189	61
4792	21	10
4793	387	129
4794	450	176
4795	15	8
4796	362	159
4797	433	165
4798	367	45
4799	172	58
4800	15	5
4801	225	86
4802	8	3
4803	341	120
4804	450	151
4805	211	81
4806	203	73
4807	182	78
4808	150	48
4809	13	2
4810	171	58
4811	248	111
4812	344	125
4813	339	104
4814	244	69
4815	160	64
4816	329	142
4817	376	87
4818	173	60
4819	420	116
4820	202	82
4821	450	136
4822	150	70
4823	150	28
4824	2	0
4825	278	113
4826	229	68
4827	3	0
4828	324	101
4829	20	2
4830	443	114
4831	150	56
4832	445	194
4833	211	83
4834	303	105
4835	450	148
4836	305	167
4837	450	98
4838	436	138
4839	386	101
4840	450	103
4841	10	5
4842	20	5
4843	197	76
4844	450	207
4845	173	51
4846	344	69
4847	221	67
4848	5	0
4849	294	124
4850	13	1
4851	249	25
4852	9	3
4853	304	83
4854	408	73
4855	182	34
4856	307	113
4857	431	138
4858	8	3
4859	5	2
4860	343	35
4861	7	4
4862	450	73
4863	275	116
4864	386	146
4865	447	162
4866	18	8
4867	185	16
4868	450	150
4869	7	3
4870	151	33
4871	251	86
4872	450	129
4873	415	30
4874	330	77
4875	450	167
4876	412	64
4877	257	79
4878	194	18
4879	404	28
4880	450	104
4881	285	76
4882	10	0
4883	13	6
4884	249	104
4885	315	147
4886	450	118
4887	247	105
4888	294	76
4889	290	65
4890	150	45
4891	450	137
4892	150	30
4893	10	2
4894	14	2
4895	16	4
4896	178	30
4897	4	2
4898	450	153
4899	150	64
4900	348	89
4901	150	38
4902	157	38
4903	450	175
4904	10	3
4905	6	4
4906	450	182
4907	262	86
4908	150	36
4909	229	21
4910	14	3
4911	450	183
4912	157	38
4913	230	74
4914	19	7
4915	150	43
4916	150	36
4917	333	79
4918	366	110
4919	6	3
4920	150	34
4921	414	127
4922	304	102
4923	8	4
4924	380	43
4925	440	108
4926	11	5
4927	437	193
4928	21	9
4929	7	3
4930	226	54
4931	308	47
4932	254	63
4933	307	56
4934	181	53
4935	197	43
4936	150	52
4937	450	98
4938	450	93
4939	11	5
4940	6	2
4941	193	33
4942	233	59
4943	19	4
4944	2	2
4945	13	3
4946	150	13
4947	427	160
4948	150	37
4949	156	42
4950	150	43
4951	438	94
4952	288	26
4953	150	35
4954	450	75
4955	450	161
4956	450	75
4957	415	104
4958	450	215
4959	8	1
4960	390	62
4961	450	89
4962	357	92
4963	150	65
4964	260	88
4965	277	121
4966	393	135
4967	16	8
4968	3	0
4969	396	104
4970	17	3
4971	226	81
4972	200	23
4973	251	99
4974	233	64
4975	346	123
4976	8	1
4977	157	44
4978	220	54
4979	450	123
4980	150	72
4981	450	98
4982	450	144
4983	450	106
4984	150	68
4985	267	101
4986	12	3
4987	216	64
4988	304	56
4989	450	121
4990	394	104
4991	150	49
4992	215	80
4993	292	101
4994	150	28
4995	150	33
4996	314	117
4997	376	0
4998	341	99
4999	375	153
