id	at_bats	hits
0	6	1
1	4	0
2	9	3
3	7	1
4	10	3
5	7	2
6	3	2
7	3	2
8	5	2
9	7	2
10	4	0
11	8	2
12	3	1
13	4	1
14	2	1
15	0	0
16	1	1
17	6	2
18	3	2
19	9	7
20	10	5
21	0	0
22	6	0
23	7	2
24	6	1
25	1	1
26	2	0
27	4	2
28	8	0
29	1	1
30	1	1
31	2	0
32	2	1
33	4	0
34	10	3
35	2	0
36	4	2
37	4	2
38	5	1
39	2	1
40	2	2
41	5	0
42	6	2
43	4	2
44	8	2
45	6	1
46	7	1
47	3	0
48	3	1
49	5	3
50	0	0
51	5	2
52	3	0
53	2	0
54	0	0
55	6	2
56	3	0
57	3	0
58	4	2
59	1	0
60	7	2
61	6	2
62	9	2
63	0	0
64	1	0
65	11	7
66	7	2
67	8	1
68	1	0
69	2	0
70	4	1
71	3	1
72	10	0
73	4	1
74	4	3
75	7	4
76	2	1
77	5	2
78	0	0
79	5	1
80	3	1
81	8	5
82	3	2
83	7	2
84	7	1
85	2	0
86	1	0
87	3	2
88	7	1
89	5	2
90	4	1
91	0	0
92	4	0
93	4	0
94	2	0
95	10	2
96	5	1
97	7	4
98	5	2
99	5	2
100	7	3
101	1	0
102	6	2
103	5	0
104	7	3
105	0	0
106	7	2
107	3	1
108	0	0
109	10	3
110	10	3
111	7	2
112	9	5
113	8	6
114	6	0
115	0	0
116	2	0
117	1	1
118	2	1
119	5	3
120	3	1
121	3	1
122	1	0
123	3	1
124	1	0
125	5	1
126	3	1
127	0	0
128	8	4
129	4	0
130	4	1
131	8	3
132	8	2
133	4	2
134	4	0
135	1	1
136	5	2
137	2	1
138	1	1
139	10	5
140	0	0
141	4	3
142	2	1
143	8	4
144	6	0
145	4	0
146	3	1
147	7	0
148	11	1
149	5	2
150	4	1
151	4	2
152	0	0
153	0	0
154	3	0
155	5	2
156	6	2
157	2	0
158	5	1
159	3	0
160	5	2
161	1	1
162	6	3
163	0	0
164	5	2
165	0	0
166	6	2
167	8	2
168	4	2
169	7	2
170	0	0
171	2	1
172	7	2
173	1	0
174	2	0
175	0	0
176	0	0
177	3	1
178	3	0
179	9	4
180	9	2
181	1	0
182	2	1
183	5	1
184	7	4
185	2	0
186	5	1
187	1	0
188	3	0
189	1	1
190	0	0
191	6	0
192	4	0
193	8	5
194	7	1
195	3	0
196	6	2
197	8	1
198	9	2
199	0	0
200	8	1
201	4	2
202	9	4
203	2	1
204	4	0
205	5	0
206	6	3
207	7	3
208	2	1
209	1	0
210	9	2
211	12	2
212	4	3
213	2	0
214	9	1
215	7	3
216	5	3
217	7	3
218	4	3
219	0	0
220	7	3
221	5	2
222	4	1
223	4	2
224	6	0
225	8	4
226	0	0
227	4	0
228	4	1
229	3	0
230	2	0
231	5	2
232	7	3
233	5	2
234	6	2
235	3	1
236	5	1
237	3	2
238	2	0
239	10	3
240	6	2
241	4	1
242	2	0
243	2	1
244	5	3
245	3	1
246	2	0
247	11	3
248	1	0
249	3	3
250	2	2
251	5	2
252	8	3
253	0	0
254	3	1
255	4	1
256	7	1
257	9	0
258	0	0
259	13	4
260	0	0
261	8	2
262	0	0
263	6	2
264	8	0
265	5	0
266	8	1
267	3	1
268	0	0
269	3	2
270	5	2
271	8	2
272	6	2
273	0	0
274	4	0
275	0	0
276	5	1
277	0	0
278	4	1
279	8	0
280	5	1
281	0	0
282	2	0
283	6	2
284	3	0
285	5	1
286	5	2
287	11	2
288	3	1
289	6	0
290	8	3
291	7	0
292	1	1
293	5	1
294	2	0
295	2	0
296	11	5
297	0	0
298	0	0
299	5	3
300	5	2
301	8	0
302	0	0
303	4	1
304	13	7
305	6	2
306	2	0
307	0	0
308	7	2
309	3	1
310	1	0
311	5	3
312	3	2
313	0	0
314	6	2
315	2	1
316	10	2
317	0	0
318	5	1
319	4	1
320	5	2
321	10	4
322	4	2
323	6	0
324	0	0
325	4	2
326	2	0
327	2	0
328	7	0
329	6	1
330	4	2
331	8	3
332	6	2
333	7	2
334	2	2
335	3	1
336	5	2
337	3	1
338	5	2
339	4	3
340	3	0
341	0	0
342	2	1
343	5	1
344	5	1
345	4	1
346	0	0
347	5	1
348	8	1
349	10	4
350	11	3
351	3	1
352	6	2
353	12	4
354	0	0
355	6	3
356	7	2
357	5	0
358	7	0
359	6	2
360	3	0
361	4	1
362	0	0
363	2	1
364	4	0
365	6	2
366	6	2
367	6	0
368	9	5
369	2	0
370	4	3
371	5	2
372	0	0
373	2	0
374	7	1
375	2	1
376	3	2
377	8	2
378	3	1
379	5	2
380	6	3
381	5	5
382	5	2
383	1	0
384	9	1
385	6	2
386	4	1
387	3	2
388	0	0
389	0	0
390	9	1
391	2	1
392	10	5
393	6	2
394	6	3
395	3	0
396	1	0
397	6	2
398	4	1
399	7	2
400	5	2
401	2	0
402	6	1
403	0	0
404	8	1
405	6	1
406	5	3
407	3	2
408	8	2
409	0	0
410	1	0
411	2	0
412	0	0
413	7	3
414	4	2
415	7	3
416	8	1
417	2	1
418	7	2
419	6	3
420	0	0
421	13	7
422	6	1
423	2	1
424	7	5
425	7	3
426	2	1
427	0	0
428	7	1
429	7	4
430	1	1
431	4	2
432	0	0
433	8	2
434	6	1
435	0	0
436	9	4
437	4	2
438	4	1
439	1	1
440	6	3
441	0	0
442	8	3
443	6	3
444	5	0
445	1	0
446	2	0
447	2	1
448	6	2
449	5	2
450	2	1
451	3	0
452	6	3
453	7	3
454	0	0
455	2	0
456	3	0
457	4	1
458	7	1
459	5	1
460	4	1
461	7	0
462	3	2
463	3	0
464	5	2
465	10	3
466	7	1
467	2	0
468	3	2
469	7	2
470	8	5
471	4	1
472	3	2
473	10	1
474	4	1
475	1	0
476	1	0
477	2	0
478	5	0
479	11	2
480	2	0
481	5	1
482	11	5
483	7	4
484	2	1
485	1	0
486	4	1
487	9	2
488	3	2
489	0	0
490	6	5
491	2	1
492	5	3
493	6	0
494	6	0
495	5	3
496	4	3
497	5	5
498	7	4
499	7	0
500	2	0
501	7	2
502	4	1
503	4	0
504	5	3
505	3	0
506	11	5
507	5	1
508	6	2
509	2	1
510	2	1
511	0	0
512	9	5
513	7	1
514	12	3
515	2	0
516	9	4
517	6	1
518	4	1
519	8	3
520	8	3
521	2	1
522	3	0
523	4	0
524	6	1
525	10	1
526	1	0
527	5	3
528	2	0
529	3	2
530	8	3
531	0	0
532	6	4
533	8	1
534	3	0
535	2	0
536	4	1
537	6	1
538	2	2
539	6	0
540	6	2
541	5	0
542	0	0
543	2	1
544	8	6
545	6	3
546	5	1
547	4	2
548	10	4
549	5	0
550	7	3
551	10	3
552	3	1
553	3	1
554	2	0
555	5	1
556	0	0
557	6	0
558	0	0
559	4	0
560	3	3
561	7	2
562	3	2
563	4	0
564	8	4
565	6	1
566	0	0
567	8	2
568	5	2
569	3	3
570	4	1
571	4	2
572	6	4
573	1	1
574	5	1
575	0	0
576	9	1
577	2	0
578	0	0
579	6	2
580	0	0
581	8	2
582	2	1
583	5	3
584	11	1
585	0	0
586	1	0
587	2	1
588	1	0
589	3	1
590	9	1
591	1	0
592	6	1
593	5	3
594	0	0
595	3	0
596	8	2
597	0	0
598	5	0
599	0	0
600	5	4
601	2	1
602	4	0
603	0	0
604	8	2
605	6	4
606	6	2
607	4	2
608	4	1
609	5	2
610	11	2
611	11	4
612	4	2
613	2	1
614	4	0
615	9	3
616	7	2
617	7	3
618	5	2
619	1	0
620	0	0
621	8	4
622	4	1
623	11	0
624	3	2
625	0	0
626	9	1
627	4	1
628	3	2
629	3	0
630	3	0
631	1	1
632	0	0
633	4	1
634	4	2
635	3	0
636	3	1
637	5	2
638	3	1
639	0	0
640	4	2
641	5	1
642	9	3
643	3	0
644	9	2
645	9	3
646	8	1
647	6	1
648	3	1
649	9	3
650	3	3
651	6	2
652	8	1
653	8	4
654	3	0
655	8	1
656	3	2
657	5	2
658	7	1
659	12	6
660	6	2
661	6	0
662	7	3
663	3	2
664	4	2
665	7	3
666	6	1
667	2	1
668	0	0
669	4	1
670	8	4
671	2	2
672	3	1
673	7	4
674	4	1
675	2	0
676	5	3
677	6	3
678	4	0
679	10	6
680	5	3
681	6	2
682	3	2
683	2	0
684	4	1
685	9	2
686	6	2
687	1	0
688	1	0
689	2	0
690	1	0
691	6	4
692	8	0
693	3	1
694	0	0
695	0	0
696	5	0
697	5	1
698	7	2
699	1	0
700	4	1
701	10	3
702	7	4
703	1	1
704	2	1
705	7	3
706	9	7
707	1	0
708	3	0
709	7	3
710	2	1
711	5	4
712	9	4
713	4	1
714	5	1
715	9	4
716	6	2
717	4	2
718	7	3
719	2	0
720	8	1
721	1	0
722	4	1
723	4	2
724	7	1
725	3	2
726	8	1
727	6	1
728	9	0
729	2	1
730	11	5
731	0	0
732	3	1
733	5	2
734	6	3
735	8	0
736	1	0
737	5	1
738	1	0
739	1	1
740	1	1
741	9	2
742	3	1
743	4	0
744	2	0
745	11	4
746	2	0
747	3	2
748	9	2
749	0	0
750	7	1
751	7	2
752	0	0
753	3	2
754	2	2
755	3	3
756	5	0
757	10	1
758	5	1
759	5	3
760	7	0
761	3	1
762	2	0
763	8	4
764	6	3
765	4	0
766	6	1
767	4	1
768	2	0
769	2	0
770	3	1
771	5	2
772	1	0
773	2	0
774	1	0
775	6	2
776	5	0
777	2	1
778	9	1
779	4	0
780	3	0
781	4	3
782	6	1
783	3	2
784	2	0
785	4	2
786	7	1
787	1	0
788	8	4
789	4	0
790	10	1
791	8	0
792	4	0
793	6	2
794	6	1
795	9	2
796	1	0
797	4	1
798	1	0
799	4	0
800	11	3
801	7	1
802	10	4
803	10	4
804	3	2
805	3	0
806	2	0
807	6	4
808	3	0
809	6	3
810	5	2
811	4	2
812	8	2
813	4	0
814	5	1
815	5	2
816	8	5
817	1	0
818	11	5
819	1	1
820	5	2
821	9	2
822	5	2
823	6	1
824	4	2
825	8	2
826	5	1
827	6	3
828	8	4
829	5	1
830	6	1
831	2	1
832	7	0
833	3	3
834	0	0
835	4	1
836	3	1
837	4	1
838	4	2
839	1	0
840	5	2
841	5	2
842	9	4
843	11	7
844	6	1
845	0	0
846	1	0
847	0	0
848	2	1
849	0	0
850	9	2
851	2	1
852	0	0
853	4	0
854	6	1
855	5	2
856	6	0
857	8	2
858	3	1
859	3	1
860	3	1
861	6	2
862	6	2
863	7	2
864	7	2
865	0	0
866	9	6
867	5	2
868	4	1
869	6	1
870	1	1
871	3	2
872	8	0
873	4	2
874	3	0
875	6	1
876	8	0
877	11	5
878	6	1
879	6	1
880	3	0
881	1	0
882	2	1
883	2	2
884	1	0
885	6	2
886	5	1
887	7	2
888	5	0
889	7	2
890	5	0
891	4	1
892	3	1
893	3	1
894	9	2
895	11	0
896	1	1
897	4	3
898	3	1
899	2	1
900	9	0
901	1	0
902	0	0
903	3	0
904	3	1
905	9	1
906	0	0
907	4	1
908	6	3
909	6	3
910	10	3
911	8	3
912	4	2
913	0	0
914	1	0
915	4	2
916	2	1
917	10	4
918	7	3
919	3	1
920	2	1
921	8	4
922	1	0
923	0	0
924	3	1
925	2	1
926	5	1
927	2	1
928	6	1
929	11	2
930	4	1
931	3	0
932	4	0
933	4	0
934	4	2
935	5	0
936	4	1
937	9	4
938	8	2
939	6	1
940	0	0
941	5	1
942	4	2
943	1	0
944	3	1
945	14	2
946	4	0
947	0	0
948	6	2
949	5	1
950	1	0
951	1	0
952	0	0
953	1	0
954	4	2
955	4	0
956	2	0
957	10	3
958	3	0
959	2	1
960	6	2
961	5	0
962	9	0
963	5	0
964	6	3
965	4	1
966	7	3
967	5	1
968	2	0
969	8	4
970	4	0
971	5	2
972	7	2
973	7	4
974	7	2
975	10	4
976	4	1
977	7	2
978	5	1
979	8	1
980	7	1
981	4	2
982	1	1
983	6	5
984	0	0
985	3	2
986	2	0
987	5	3
988	6	0
989	1	0
990	8	3
991	10	5
992	9	2
993	7	4
994	2	1
995	4	1
996	1	0
997	7	4
998	0	0
999	5	1
1000	6	1
1001	10	2
1002	3	1
1003	3	0
1004	4	2
1005	10	2
1006	1	0
1007	9	3
1008	4	0
1009	2	0
1010	4	2
1011	4	1
1012	8	1
1013	4	3
1014	5	0
1015	3	3
1016	4	1
1017	2	0
1018	7	2
1019	1	1
1020	3	2
1021	3	3
1022	2	0
1023	7	1
1024	3	1
1025	1	0
1026	4	1
1027	9	4
1028	6	3
1029	7	2
1030	3	0
1031	0	0
1032	3	1
1033	1	0
1034	6	1
1035	8	2
1036	7	2
1037	2	0
1038	1	1
1039	4	3
1040	5	1
1041	4	1
1042	2	1
1043	3	0
1044	2	1
1045	11	7
1046	10	6
1047	2	2
1048	1	0
1049	1	0
1050	5	1
1051	6	1
1052	10	4
1053	0	0
1054	7	2
1055	4	1
1056	5	2
1057	3	0
1058	4	1
1059	5	1
1060	8	4
1061	2	1
1062	4	1
1063	8	3
1064	6	2
1065	9	4
1066	0	0
1067	3	2
1068	2	1
1069	5	2
1070	1	0
1071	4	0
1072	4	3
1073	3	0
1074	4	2
1075	6	3
1076	3	0
1077	1	1
1078	4	1
1079	1	0
1080	1	1
1081	10	3
1082	1	0
1083	0	0
1084	7	1
1085	0	0
1086	2	0
1087	4	1
1088	4	2
1089	4	0
1090	4	1
1091	4	3
1092	4	1
1093	3	0
1094	8	3
1095	10	2
1096	7	2
1097	3	0
1098	5	0
1099	1	0
1100	5	1
1101	6	1
1102	3	0
1103	5	0
1104	4	0
1105	7	2
1106	15	6
1107	9	4
1108	5	1
1109	6	3
1110	4	1
1111	4	0
1112	3	0
1113	5	0
1114	3	1
1115	5	1
1116	11	3
1117	5	1
1118	9	4
1119	4	0
1120	1	0
1121	2	1
1122	2	1
1123	6	2
1124	3	0
1125	7	3
1126	8	3
1127	7	1
1128	5	2
1129	0	0
1130	4	1
1131	4	1
1132	13	3
1133	2	0
1134	4	0
1135	5	2
1136	8	4
1137	7	1
1138	8	6
1139	3	0
1140	4	2
1141	4	0
1142	3	1
1143	1	0
1144	6	0
1145	7	2
1146	5	2
1147	7	3
1148	4	2
1149	2	0
1150	3	0
1151	2	1
1152	11	6
1153	5	2
1154	1	0
1155	1	0
1156	8	0
1157	7	2
1158	5	3
1159	7	2
1160	0	0
1161	1	0
1162	6	2
1163	0	0
1164	9	3
1165	7	2
1166	3	1
1167	1	1
1168	6	2
1169	6	1
1170	7	2
1171	7	1
1172	8	2
1173	4	1
1174	8	4
1175	3	1
1176	5	1
1177	5	0
1178	5	4
1179	7	3
1180	8	6
1181	2	0
1182	0	0
1183	3	2
1184	5	2
1185	6	2
1186	4	2
1187	7	1
1188	3	0
1189	5	1
1190	8	3
1191	5	1
1192	1	0
1193	3	1
1194	5	3
1195	4	0
1196	2	0
1197	9	3
1198	0	0
1199	0	0
1200	0	0
1201	5	1
1202	10	2
1203	5	2
1204	3	1
1205	2	0
1206	5	2
1207	0	0
1208	4	0
1209	5	1
1210	4	2
1211	6	0
1212	5	1
1213	10	0
1214	5	3
1215	3	1
1216	5	0
1217	3	1
1218	8	3
1219	8	4
1220	2	1
1221	2	0
1222	9	2
1223	10	1
1224	5	1
1225	1	0
1226	6	3
1227	0	0
1228	5	5
1229	2	1
1230	1	1
1231	3	1
1232	4	0
1233	1	0
1234	4	2
1235	7	0
1236	5	1
1237	2	0
1238	4	1
1239	1	0
1240	4	1
1241	3	0
1242	2	0
1243	0	0
1244	3	0
1245	2	0
1246	1	0
1247	4	2
1248	3	0
1249	4	2
1250	0	0
1251	9	1
1252	0	0
1253	2	1
1254	0	0
1255	11	2
1256	0	0
1257	3	1
1258	4	2
1259	5	1
1260	4	0
1261	9	5
1262	5	1
1263	10	3
1264	4	0
1265	9	4
1266	3	1
1267	6	1
1268	3	0
1269	4	0
1270	6	1
1271	0	0
1272	3	0
1273	8	2
1274	2	0
1275	5	1
1276	11	0
1277	6	3
1278	6	0
1279	6	3
1280	7	0
1281	8	3
1282	4	1
1283	4	2
1284	7	6
1285	1	0
1286	0	0
1287	9	0
1288	0	0
1289	6	1
1290	0	0
1291	4	2
1292	4	2
1293	2	1
1294	10	2
1295	4	0
1296	2	1
1297	4	1
1298	0	0
1299	7	4
1300	7	3
1301	6	1
1302	3	1
1303	2	0
1304	2	0
1305	7	2
1306	5	2
1307	4	3
1308	3	2
1309	2	0
1310	1	1
1311	2	2
1312	1	0
1313	4	2
1314	10	1
1315	2	2
1316	5	2
1317	2	2
1318	0	0
1319	0	0
1320	4	1
1321	2	0
1322	15	5
1323	0	0
1324	4	0
1325	0	0
1326	3	2
1327	8	2
1328	3	0
1329	8	4
1330	6	0
1331	10	3
1332	5	4
1333	7	3
1334	2	1
1335	8	3
1336	4	1
1337	6	2
1338	1	0
1339	0	0
1340	2	1
1341	4	3
1342	6	3
1343	0	0
1344	0	0
1345	1	1
1346	4	0
1347	3	2
1348	3	1
1349	3	3
1350	1	1
1351	0	0
1352	6	2
1353	13	3
1354	6	3
1355	0	0
1356	2	1
1357	5	2
1358	9	1
1359	6	2
1360	4	0
1361	5	1
1362	8	2
1363	5	1
1364	1	0
1365	8	1
1366	5	1
1367	2	0
1368	2	0
1369	9	3
1370	4	2
1371	2	1
1372	7	3
1373	3	1
1374	0	0
1375	3	3
1376	0	0
1377	1	0
1378	0	0
1379	1	0
1380	4	0
1381	0	0
1382	4	1
1383	8	1
1384	3	1
1385	4	0
1386	8	4
1387	2	0
1388	2	0
1389	3	1
1390	3	1
1391	8	2
1392	5	2
1393	4	3
1394	1	1
1395	2	1
1396	7	3
1397	3	0
1398	2	1
1399	0	0
1400	6	3
1401	7	2
1402	1	0
1403	8	1
1404	6	1
1405	7	4
1406	3	1
1407	5	0
1408	8	5
1409	7	2
1410	3	1
1411	2	0
1412	8	4
1413	8	1
1414	8	5
1415	5	3
1416	2	2
1417	1	1
1418	6	0
1419	7	5
1420	8	2
1421	7	2
1422	8	1
1423	6	3
1424	2	0
1425	8	4
1426	7	1
1427	6	2
1428	7	0
1429	1	0
1430	10	2
1431	2	1
1432	5	0
1433	5	1
1434	3	1
1435	6	4
1436	1	1
1437	3	2
1438	3	0
1439	1	0
1440	9	3
1441	9	3
1442	0	0
1443	7	4
1444	5	1
1445	4	2
1446	8	1
1447	1	0
1448	6	3
1449	1	1
1450	7	2
1451	2	1
1452	6	1
1453	4	0
1454	1	0
1455	2	0
1456	6	1
1457	10	3
1458	0	0
1459	6	2
1460	1	0
1461	8	1
1462	3	2
1463	7	4
1464	0	0
1465	10	1
1466	4	0
1467	9	0
1468	6	2
1469	3	2
1470	0	0
1471	5	0
1472	9	3
1473	8	2
1474	4	2
1475	0	0
1476	3	0
1477	3	2
1478	11	6
1479	9	1
1480	2	0
1481	10	4
1482	3	0
1483	2	0
1484	4	1
1485	6	1
1486	1	1
1487	5	0
1488	4	1
1489	7	3
1490	8	0
1491	4	1
1492	4	2
1493	1	0
1494	1	1
1495	3	2
1496	3	1
1497	7	3
1498	0	0
1499	11	2
1500	2	0
1501	7	3
1502	7	1
1503	2	0
1504	7	2
1505	0	0
1506	10	2
1507	4	0
1508	4	2
1509	8	4
1510	6	2
1511	9	4
1512	0	0
1513	9	2
1514	3	1
1515	1	0
1516	2	2
1517	2	1
1518	6	3
1519	10	3
1520	5	2
1521	6	3
1522	9	5
1523	6	3
1524	0	0
1525	4	2
1526	4	3
1527	3	0
1528	6	2
1529	7	2
1530	5	3
1531	1	1
1532	4	2
1533	5	1
1534	3	0
1535	4	2
1536	10	7
1537	6	2
1538	6	2
1539	6	4
1540	3	0
1541	3	0
1542	3	1
1543	8	2
1544	8	1
1545	10	4
1546	11	3
1547	2	0
1548	4	2
1549	6	3
1550	9	5
1551	7	1
1552	4	1
1553	0	0
1554	4	3
1555	7	1
1556	2	0
1557	1	0
1558	0	0
1559	2	0
1560	3	0
1561	6	1
1562	6	1
1563	6	1
1564	4	1
1565	10	2
1566	2	0
1567	3	0
1568	3	1
1569	2	1
1570	6	0
1571	5	4
1572	0	0
1573	8	4
1574	4	2
1575	3	0
1576	4	2
1577	6	2
1578	7	0
1579	1	1
1580	0	0
1581	8	2
1582	4	2
1583	12	4
1584	4	2
1585	3	0
1586	6	0
1587	5	1
1588	6	4
1589	0	0
1590	10	2
1591	6	3
1592	13	6
1593	3	2
1594	6	1
1595	5	1
1596	6	1
1597	3	0
1598	0	0
1599	3	0
1600	7	3
1601	7	0
1602	0	0
1603	2	0
1604	7	2
1605	5	1
1606	2	0
1607	9	4
1608	4	1
1609	7	0
1610	2	1
1611	4	1
1612	3	2
1613	7	1
1614	6	2
1615	2	1
1616	7	1
1617	1	0
1618	2	1
1619	3	1
1620	2	1
1621	4	2
1622	2	1
1623	4	0
1624	3	2
1625	3	0
1626	6	2
1627	1	0
1628	0	0
1629	4	2
1630	0	0
1631	9	3
1632	9	0
1633	7	3
1634	0	0
1635	0	0
1636	3	1
1637	1	0
1638	5	0
1639	3	1
1640	2	0
1641	12	4
1642	2	2
1643	0	0
1644	1	1
1645	4	1
1646	3	1
1647	1	0
1648	3	1
1649	0	0
1650	5	0
1651	3	1
1652	0	0
1653	2	0
1654	10	3
1655	8	5
1656	1	0
1657	1	0
1658	5	1
1659	1	0
1660	4	0
1661	0	0
1662	5	1
1663	1	0
1664	5	0
1665	3	3
1666	9	1
1667	6	2
1668	4	0
1669	3	0
1670	9	3
1671	0	0
1672	8	5
1673	0	0
1674	5	2
1675	1	1
1676	6	1
1677	5	1
1678	7	2
1679	3	2
1680	5	1
1681	5	1
1682	1	0
1683	2	0
1684	0	0
1685	4	1
1686	6	0
1687	3	2
1688	2	1
1689	7	3
1690	2	0
1691	1	1
1692	0	0
1693	1	0
1694	6	1
1695	4	1
1696	5	2
1697	6	2
1698	6	1
1699	4	3
1700	6	1
1701	10	5
1702	3	1
1703	8	3
1704	2	1
1705	9	1
1706	7	4
1707	3	1
1708	2	1
1709	14	8
1710	0	0
1711	4	2
1712	6	1
1713	9	4
1714	4	1
1715	2	1
1716	7	2
1717	3	0
1718	6	3
1719	0	0
1720	8	1
1721	1	1
1722	0	0
1723	5	2
1724	2	1
1725	3	0
1726	3	1
1727	0	0
1728	2	1
1729	6	3
1730	0	0
1731	2	2
1732	5	0
1733	1	0
1734	0	0
1735	0	0
1736	2	0
1737	5	3
1738	10	2
1739	3	2
1740	9	4
1741	7	1
1742	4	2
1743	0	0
1744	5	2
1745	2	0
1746	6	1
1747	4	3
1748	6	1
1749	8	2
1750	0	0
1751	2	2
1752	6	1
1753	7	3
1754	2	0
1755	10	4
1756	6	1
1757	7	1
1758	8	2
1759	6	0
1760	2	0
1761	6	2
1762	6	2
1763	1	1
1764	5	1
1765	6	3
1766	6	1
1767	1	0
1768	2	0
1769	8	6
1770	6	2
1771	3	2
1772	3	1
1773	10	3
1774	4	2
1775	9	4
1776	4	1
1777	0	0
1778	0	0
1779	4	2
1780	0	0
1781	5	3
1782	6	2
1783	2	1
1784	8	4
1785	5	2
1786	7	0
1787	7	0
1788	5	1
1789	2	0
1790	2	2
1791	5	4
1792	5	1
1793	6	0
1794	10	4
1795	2	0
1796	8	1
1797	10	5
1798	3	1
1799	3	1
1800	6	2
1801	4	2
1802	7	4
1803	3	1
1804	7	3
1805	0	0
1806	9	5
1807	4	2
1808	4	1
1809	2	0
1810	0	0
1811	8	2
1812	4	2
1813	11	3
1814	6	2
1815	3	1
1816	11	7
1817	4	2
1818	7	2
1819	4	0
1820	0	0
1821	6	3
1822	3	1
1823	2	0
1824	3	0
1825	5	1
1826	10	2
1827	8	1
1828	6	2
1829	6	0
1830	2	1
1831	5	1
1832	8	2
1833	5	1
1834	3	0
1835	2	1
1836	6	1
1837	5	2
1838	3	1
1839	5	0
1840	0	0
1841	2	1
1842	3	0
1843	8	2
1844	6	1
1845	0	0
1846	3	1
1847	3	0
1848	4	2
1849	2	1
1850	4	3
1851	5	1
1852	8	1
1853	4	1
1854	6	1
1855	8	2
1856	1	1
1857	0	0
1858	12	4
1859	1	0
1860	8	0
1861	3	1
1862	5	2
1863	2	0
1864	1	0
1865	4	2
1866	4	1
1867	4	1
1868	10	4
1869	0	0
1870	4	1
1871	8	2
1872	0	0
1873	2	1
1874	4	0
1875	2	0
1876	1	0
1877	4	2
1878	1	0
1879	5	2
1880	3	0
1881	8	6
1882	0	0
1883	1	1
1884	6	2
1885	5	1
1886	2	1
1887	3	0
1888	6	2
1889	4	2
1890	4	1
1891	11	4
1892	2	1
1893	7	2
1894	0	0
1895	1	1
1896	8	3
1897	1	0
1898	2	1
1899	6	3
1900	8	2
1901	2	0
1902	1	1
1903	3	0
1904	3	2
1905	4	2
1906	9	3
1907	8	0
1908	3	3
1909	1	0
1910	3	0
1911	6	2
1912	10	5
1913	2	2
1914	6	2
1915	4	1
1916	2	0
1917	4	2
1918	4	1
1919	5	0
1920	0	0
1921	5	2
1922	12	4
1923	4	1
1924	6	1
1925	3	0
1926	8	3
1927	1	0
1928	6	2
1929	2	0
1930	3	2
1931	3	0
1932	3	0
1933	7	0
1934	5	1
1935	7	1
1936	9	0
1937	5	1
1938	6	0
1939	13	5
1940	6	2
1941	7	1
1942	4	3
1943	4	1
1944	8	3
1945	4	0
1946	3	2
1947	1	0
1948	2	1
1949	1	0
1950	6	3
1951	9	3
1952	0	0
1953	4	0
1954	3	2
1955	5	3
1956	0	0
1957	9	5
1958	8	5
1959	3	0
1960	9	2
1961	9	5
1962	4	0
1963	3	1
1964	7	0
1965	4	1
1966	8	4
1967	7	3
1968	6	2
1969	1	0
1970	5	2
1971	5	1
1972	7	2
1973	3	1
1974	0	0
1975	4	0
1976	6	4
1977	8	2
1978	0	0
1979	8	1
1980	4	1
1981	6	3
1982	8	2
1983	2	1
1984	5	1
1985	7	1
1986	0	0
1987	7	4
1988	3	1
1989	2	0
1990	2	2
1991	5	3
1992	3	1
1993	1	0
1994	1	0
1995	3	0
1996	3	2
1997	5	2
1998	9	3
1999	1	1
2000	2	1
2001	0	0
2002	2	1
2003	0	0
2004	3	2
2005	3	1
2006	1	0
2007	1	0
2008	2	1
2009	9	1
2010	5	3
2011	3	0
2012	7	3
2013	1	0
2014	0	0
2015	3	1
2016	9	3
2017	4	0
2018	7	2
2019	3	0
2020	6	2
2021	5	2
2022	9	2
2023	0	0
2024	1	0
2025	9	5
2026	7	3
2027	2	1
2028	7	4
2029	0	0
2030	3	0
2031	6	3
2032	5	1
2033	0	0
2034	4	0
2035	6	2
2036	3	0
2037	1	0
2038	5	2
2039	4	2
2040	1	1
2041	7	1
2042	2	0
2043	3	2
2044	7	4
2045	0	0
2046	9	0
2047	4	2
2048	2	1
2049	3	0
2050	9	3
2051	13	2
2052	3	1
2053	9	1
2054	2	1
2055	5	1
2056	6	0
2057	7	2
2058	8	6
2059	7	3
2060	1	0
2061	5	0
2062	3	1
2063	1	0
2064	8	4
2065	4	0
2066	2	0
2067	0	0
2068	10	5
2069	5	3
2070	7	3
2071	4	2
2072	8	3
2073	2	0
2074	5	1
2075	4	1
2076	3	0
2077	6	3
2078	8	3
2079	5	1
2080	3	1
2081	9	2
2082	0	0
2083	4	1
2084	10	6
2085	2	0
2086	5	1
2087	7	2
2088	3	0
2089	1	0
2090	9	0
2091	4	0
2092	2	1
2093	0	0
2094	5	3
2095	4	1
2096	6	4
2097	5	1
2098	4	3
2099	6	0
2100	3	0
2101	1	1
2102	6	4
2103	14	5
2104	2	0
2105	6	3
2106	8	2
2107	6	0
2108	2	1
2109	6	2
2110	3	0
2111	5	1
2112	7	2
2113	7	2
2114	3	0
2115	11	2
2116	5	1
2117	4	1
2118	10	3
2119	11	1
2120	6	1
2121	0	0
2122	0	0
2123	7	3
2124	7	2
2125	5	1
2126	7	1
2127	1	0
2128	5	2
2129	0	0
2130	9	3
2131	5	3
2132	5	1
2133	8	0
2134	4	2
2135	6	2
2136	2	0
2137	11	0
2138	10	4
2139	4	1
2140	8	3
2141	0	0
2142	3	0
2143	0	0
2144	0	0
2145	9	3
2146	1	1
2147	9	4
2148	7	4
2149	1	1
2150	7	2
2151	1	1
2152	7	1
2153	0	0
2154	1	1
2155	7	4
2156	1	0
2157	1	0
2158	6	3
2159	4	0
2160	4	1
2161	2	1
2162	5	0
2163	10	4
2164	8	0
2165	7	2
2166	7	5
2167	2	0
2168	5	2
2169	3	1
2170	0	0
2171	4	1
2172	6	2
2173	7	1
2174	4	0
2175	2	2
2176	8	2
2177	3	0
2178	5	1
2179	8	2
2180	7	2
2181	11	5
2182	8	1
2183	12	7
2184	14	8
2185	4	2
2186	3	2
2187	7	3
2188	3	2
2189	5	1
2190	0	0
2191	6	0
2192	6	0
2193	4	2
2194	0	0
2195	5	2
2196	8	5
2197	5	0
2198	6	1
2199	9	2
2200	6	1
2201	8	4
2202	2	0
2203	5	0
2204	7	1
2205	5	4
2206	2	0
2207	2	1
2208	3	2
2209	10	4
2210	7	1
2211	4	1
2212	0	0
2213	3	1
2214	8	2
2215	1	0
2216	2	2
2217	9	4
2218	7	0
2219	7	3
2220	1	0
2221	0	0
2222	8	4
2223	9	5
2224	4	2
2225	8	2
2226	0	0
2227	9	0
2228	8	3
2229	1	0
2230	7	0
2231	3	0
2232	8	4
2233	4	0
2234	9	5
2235	4	1
2236	5	1
2237	3	0
2238	3	1
2239	5	1
2240	6	2
2241	7	3
2242	9	5
2243	4	1
2244	8	3
2245	10	3
2246	1	1
2247	0	0
2248	0	0
2249	4	0
2250	1	0
2251	7	3
2252	1	1
2253	2	0
2254	7	1
2255	1	0
2256	1	0
2257	0	0
2258	9	1
2259	8	3
2260	0	0
2261	1	1
2262	1	1
2263	6	2
2264	2	0
2265	0	0
2266	1	0
2267	9	5
2268	4	1
2269	0	0
2270	7	1
2271	2	0
2272	3	0
2273	2	0
2274	3	1
2275	5	1
2276	3	1
2277	1	0
2278	5	0
2279	10	0
2280	4	1
2281	0	0
2282	5	1
2283	9	7
2284	0	0
2285	5	0
2286	5	0
2287	10	2
2288	3	2
2289	3	1
2290	6	3
2291	3	2
2292	2	1
2293	10	2
2294	0	0
2295	6	3
2296	5	1
2297	7	3
2298	5	1
2299	4	1
2300	6	5
2301	3	2
2302	6	2
2303	8	4
2304	1	0
2305	2	2
2306	3	2
2307	0	0
2308	4	0
2309	2	1
2310	2	2
2311	2	1
2312	7	1
2313	6	3
2314	4	1
2315	0	0
2316	1	0
2317	1	0
2318	4	0
2319	7	4
2320	0	0
2321	9	4
2322	3	0
2323	9	4
2324	6	1
2325	0	0
2326	4	4
2327	0	0
2328	0	0
2329	2	0
2330	8	0
2331	3	1
2332	8	4
2333	2	0
2334	7	2
2335	7	1
2336	2	0
2337	6	4
2338	1	0
2339	1	0
2340	2	2
2341	7	0
2342	9	1
2343	4	2
2344	4	2
2345	8	0
2346	4	1
2347	11	4
2348	5	2
2349	4	1
2350	2	2
2351	4	1
2352	2	0
2353	2	0
2354	5	2
2355	11	6
2356	4	0
2357	3	0
2358	5	1
2359	4	0
2360	3	1
2361	6	1
2362	9	3
2363	6	3
2364	5	1
2365	4	3
2366	0	0
2367	2	1
2368	4	1
2369	6	2
2370	7	2
2371	1	0
2372	6	2
2373	2	1
2374	8	5
2375	4	2
2376	4	0
2377	0	0
2378	1	0
2379	3	0
2380	3	1
2381	8	2
2382	5	3
2383	5	3
2384	6	1
2385	9	3
2386	9	3
2387	11	3
2388	3	1
2389	10	5
2390	10	2
2391	7	0
2392	4	2
2393	8	3
2394	5	3
2395	5	2
2396	3	1
2397	3	3
2398	6	2
2399	5	1
2400	1	0
2401	0	0
2402	0	0
2403	5	3
2404	5	1
2405	6	2
2406	3	1
2407	0	0
2408	9	0
2409	8	2
2410	0	0
2411	2	0
2412	0	0
2413	0	0
2414	7	2
2415	5	3
2416	1	1
2417	6	0
2418	3	0
2419	3	1
2420	10	5
2421	11	2
2422	7	2
2423	10	3
2424	2	0
2425	3	1
2426	2	0
2427	6	1
2428	0	0
2429	2	1
2430	3	0
2431	5	1
2432	0	0
2433	2	1
2434	5	1
2435	4	0
2436	2	2
2437	5	3
2438	0	0
2439	1	1
2440	6	4
2441	1	0
2442	6	1
2443	6	1
2444	3	0
2445	8	2
2446	4	3
2447	0	0
2448	8	1
2449	0	0
2450	2	1
2451	3	1
2452	0	0
2453	4	2
2454	2	1
2455	3	1
2456	4	0
2457	3	1
2458	4	1
2459	5	1
2460	7	0
2461	6	2
2462	2	1
2463	0	0
2464	4	3
2465	7	3
2466	7	2
2467	5	2
2468	4	2
2469	2	0
2470	4	1
2471	0	0
2472	2	0
2473	2	0
2474	3	1
2475	7	2
2476	5	2
2477	4	1
2478	5	1
2479	6	4
2480	8	1
2481	7	3
2482	5	0
2483	7	2
2484	9	3
2485	4	3
2486	3	1
2487	0	0
2488	5	1
2489	1	0
2490	5	0
2491	7	1
2492	4	1
2493	6	4
2494	2	1
2495	3	1
2496	7	3
2497	3	0
2498	5	1
2499	8	2
2500	8	2
2501	5	0
2502	8	1
2503	1	0
2504	7	3
2505	0	0
2506	8	1
2507	4	1
2508	7	3
2509	8	5
2510	8	3
2511	2	2
2512	3	0
2513	5	0
2514	7	1
2515	10	3
2516	2	1
2517	0	0
2518	2	0
2519	5	2
2520	5	2
2521	2	0
2522	3	3
2523	5	2
2524	8	1
2525	3	0
2526	4	1
2527	2	0
2528	4	2
2529	3	0
2530	4	1
2531	0	0
2532	6	2
2533	1	1
2534	4	0
2535	3	0
2536	2	1
2537	2	0
2538	6	1
2539	5	1
2540	7	2
2541	4	0
2542	0	0
2543	5	3
2544	7	2
2545	7	3
2546	4	2
2547	6	1
2548	3	2
2549	2	2
2550	7	4
2551	7	5
2552	7	2
2553	4	3
2554	2	2
2555	3	1
2556	7	2
2557	5	2
2558	12	6
2559	4	1
2560	6	2
2561	1	0
2562	5	3
2563	9	3
2564	8	4
2565	6	3
2566	5	4
2567	8	0
2568	6	3
2569	0	0
2570	0	0
2571	2	0
2572	6	1
2573	7	1
2574	4	2
2575	8	5
2576	2	1
2577	3	2
2578	7	2
2579	8	3
2580	1	0
2581	5	1
2582	11	6
2583	8	1
2584	0	0
2585	5	2
2586	0	0
2587	5	2
2588	3	1
2589	5	2
2590	0	0
2591	8	3
2592	4	0
2593	7	3
2594	12	4
2595	6	1
2596	3	1
2597	6	0
2598	12	3
2599	5	3
2600	7	2
2601	5	0
2602	0	0
2603	7	3
2604	4	0
2605	6	2
2606	12	2
2607	10	5
2608	5	4
2609	6	1
2610	3	1
2611	3	0
2612	2	1
2613	7	3
2614	3	2
2615	4	1
2616	8	3
2617	3	1
2618	3	0
2619	0	0
2620	3	1
2621	7	1
2622	2	0
2623	12	3
2624	1	0
2625	4	0
2626	1	1
2627	3	1
2628	6	0
2629	3	0
2630	3	0
2631	0	0
2632	9	4
2633	8	3
2634	4	3
2635	4	1
2636	2	2
2637	1	0
2638	3	2
2639	0	0
2640	11	0
2641	6	3
2642	1	0
2643	0	0
2644	3	0
2645	8	3
2646	4	2
2647	3	1
2648	4	3
2649	5	1
2650	8	2
2651	3	2
2652	3	0
2653	1	0
2654	2	1
2655	0	0
2656	4	0
2657	5	3
2658	7	2
2659	6	2
2660	7	3
2661	6	3
2662	7	4
2663	5	1
2664	0	0
2665	2	2
2666	3	2
2667	4	1
2668	7	1
2669	6	2
2670	3	1
2671	3	1
2672	5	1
2673	3	2
2674	3	0
2675	3	0
2676	13	2
2677	0	0
2678	4	2
2679	8	1
2680	5	1
2681	7	1
2682	2	2
2683	8	2
2684	0	0
2685	1	0
2686	8	1
2687	1	0
2688	3	1
2689	5	1
2690	5	2
2691	3	1
2692	2	0
2693	1	0
2694	4	2
2695	0	0
2696	6	0
2697	0	0
2698	2	0
2699	4	1
2700	4	0
2701	7	3
2702	1	0
2703	5	2
2704	1	0
2705	10	3
2706	6	0
2707	3	0
2708	6	3
2709	5	1
2710	7	3
2711	4	0
2712	3	0
2713	2	0
2714	5	1
2715	10	4
2716	0	0
2717	5	1
2718	2	0
2719	5	2
2720	0	0
2721	6	1
2722	2	0
2723	4	2
2724	8	2
2725	2	0
2726	3	0
2727	9	5
2728	6	0
2729	0	0
2730	7	2
2731	6	2
2732	6	0
2733	9	3
2734	1	0
2735	5	2
2736	1	0
2737	1	1
2738	5	0
2739	7	1
2740	7	2
2741	3	0
2742	6	0
2743	9	6
2744	2	1
2745	7	0
2746	2	0
2747	3	2
2748	3	0
2749	7	1
2750	3	0
2751	1	0
2752	1	0
2753	6	2
2754	6	1
2755	9	2
2756	4	2
2757	8	3
2758	5	2
2759	5	1
2760	7	4
2761	0	0
2762	1	0
2763	6	3
2764	2	0
2765	2	2
2766	0	0
2767	2	1
2768	7	2
2769	8	0
2770	0	0
2771	10	1
2772	5	2
2773	5	2
2774	6	1
2775	6	1
2776	0	0
2777	5	2
2778	0	0
2779	4	0
2780	0	0
2781	3	2
2782	1	0
2783	3	2
2784	6	2
2785	8	0
2786	3	2
2787	0	0
2788	0	0
2789	3	0
2790	4	1
2791	4	3
2792	7	1
2793	4	0
2794	0	0
2795	2	1
2796	1	1
2797	0	0
2798	1	1
2799	6	2
2800	6	2
2801	4	0
2802	2	1
2803	2	1
2804	3	0
2805	5	3
2806	5	2
2807	7	1
2808	2	0
2809	7	1
2810	7	2
2811	3	0
2812	3	2
2813	6	0
2814	2	0
2815	1	0
2816	1	1
2817	6	2
2818	4	0
2819	3	1
2820	11	2
2821	4	0
2822	3	1
2823	6	0
2824	7	4
2825	1	0
2826	1	0
2827	7	1
2828	9	2
2829	3	3
2830	11	6
2831	3	0
2832	9	2
2833	1	0
2834	5	3
2835	9	5
2836	2	0
2837	2	1
2838	5	1
2839	7	0
2840	3	2
2841	3	1
2842	7	3
2843	1	1
2844	2	0
2845	7	4
2846	1	0
2847	5	0
2848	6	2
2849	4	1
2850	1	0
2851	8	2
2852	3	2
2853	3	2
2854	3	2
2855	5	1
2856	3	0
2857	2	0
2858	4	1
2859	5	0
2860	1	1
2861	7	2
2862	1	0
2863	5	2
2864	9	2
2865	0	0
2866	9	1
2867	3	1
2868	2	0
2869	8	5
2870	3	1
2871	4	1
2872	1	1
2873	7	2
2874	7	1
2875	6	0
2876	6	0
2877	6	4
2878	0	0
2879	3	1
2880	8	1
2881	4	1
2882	9	2
2883	3	1
2884	12	5
2885	6	0
2886	3	1
2887	0	0
2888	4	1
2889	4	1
2890	1	1
2891	7	2
2892	5	0
2893	5	3
2894	9	1
2895	6	0
2896	9	7
2897	2	0
2898	9	2
2899	7	4
2900	3	1
2901	1	0
2902	4	2
2903	1	0
2904	1	0
2905	4	2
2906	5	2
2907	5	0
2908	6	1
2909	6	3
2910	3	2
2911	6	1
2912	3	0
2913	6	3
2914	7	2
2915	3	1
2916	5	1
2917	8	3
2918	0	0
2919	9	2
2920	5	1
2921	3	1
2922	8	3
2923	8	1
2924	3	0
2925	7	2
2926	2	0
2927	1	0
2928	9	0
2929	4	0
2930	3	1
2931	0	0
2932	9	2
2933	5	4
2934	2	0
2935	6	3
2936	2	0
2937	3	1
2938	3	0
2939	7	2
2940	4	2
2941	3	2
2942	8	2
2943	7	2
2944	11	1
2945	0	0
2946	1	0
2947	8	7
2948	0	0
2949	9	1
2950	6	1
2951	2	0
2952	5	1
2953	6	3
2954	8	2
2955	7	2
2956	4	2
2957	5	5
2958	3	0
2959	4	0
2960	9	3
2961	3	2
2962	1	1
2963	8	0
2964	10	1
2965	0	0
2966	3	0
2967	4	2
2968	2	1
2969	2	1
2970	10	5
2971	6	2
2972	2	0
2973	5	0
2974	1	0
2975	3	1
2976	7	1
2977	1	0
2978	8	0
2979	2	1
2980	6	0
2981	6	2
2982	2	0
2983	0	0
2984	3	1
2985	2	1
2986	0	0
2987	4	0
2988	0	0
2989	2	0
2990	6	0
2991	2	1
2992	7	2
2993	0	0
2994	6	3
2995	1	1
2996	2	0
2997	5	3
2998	8	2
2999	4	1
3000	4	1
3001	8	2
3002	4	1
3003	0	0
3004	0	0
3005	4	3
3006	9	5
3007	11	5
3008	0	0
3009	4	1
3010	5	3
3011	3	1
3012	0	0
3013	6	1
3014	7	2
3015	3	0
3016	3	0
3017	3	0
3018	1	1
3019	2	0
3020	6	2
3021	1	1
3022	0	0
3023	6	0
3024	5	0
3025	6	0
3026	4	1
3027	1	0
3028	0	0
3029	7	1
3030	6	0
3031	2	0
3032	7	3
3033	6	2
3034	4	1
3035	2	1
3036	11	3
3037	9	4
3038	5	1
3039	0	0
3040	9	3
3041	4	2
3042	11	3
3043	1	0
3044	6	1
3045	5	4
3046	0	0
3047	3	0
3048	7	4
3049	0	0
3050	3	0
3051	2	0
3052	8	1
3053	8	1
3054	7	5
3055	5	2
3056	4	0
3057	10	8
3058	1	0
3059	2	0
3060	11	3
3061	6	3
3062	8	4
3063	0	0
3064	4	3
3065	6	1
3066	4	1
3067	4	3
3068	7	1
3069	0	0
3070	8	3
3071	2	0
3072	3	1
3073	6	2
3074	7	2
3075	0	0
3076	3	1
3077	1	1
3078	0	0
3079	6	1
3080	3	0
3081	2	1
3082	8	3
3083	0	0
3084	3	1
3085	2	1
3086	5	3
3087	2	1
3088	3	1
3089	2	2
3090	9	3
3091	0	0
3092	4	0
3093	1	0
3094	2	0
3095	1	0
3096	8	2
3097	3	2
3098	2	0
3099	7	3
3100	7	1
3101	2	0
3102	2	1
3103	0	0
3104	9	3
3105	1	0
3106	2	0
3107	5	0
3108	11	3
3109	4	0
3110	3	2
3111	3	2
3112	4	3
3113	5	2
3114	9	3
3115	9	4
3116	2	0
3117	1	0
3118	6	1
3119	2	2
3120	2	0
3121	6	2
3122	3	0
3123	5	2
3124	3	1
3125	3	1
3126	1	0
3127	8	2
3128	3	1
3129	8	3
3130	0	0
3131	5	3
3132	4	3
3133	4	1
3134	0	0
3135	3	1
3136	3	1
3137	9	4
3138	5	3
3139	3	1
3140	8	1
3141	3	1
3142	0	0
3143	11	4
3144	3	2
3145	8	0
3146	1	0
3147	2	0
3148	4	1
3149	5	1
3150	3	1
3151	12	4
3152	5	1
3153	5	3
3154	7	0
3155	7	4
3156	1	0
3157	8	1
3158	0	0
3159	4	0
3160	7	4
3161	4	2
3162	7	1
3163	8	1
3164	5	0
3165	5	2
3166	4	0
3167	4	2
3168	5	0
3169	7	2
3170	3	1
3171	1	1
3172	2	0
3173	0	0
3174	7	0
3175	7	3
3176	6	2
3177	1	1
3178	2	0
3179	2	0
3180	4	0
3181	5	4
3182	9	1
3183	1	0
3184	4	2
3185	2	1
3186	7	3
3187	12	1
3188	6	4
3189	5	0
3190	6	2
3191	4	0
3192	4	0
3193	2	1
3194	0	0
3195	7	2
3196	4	2
3197	6	2
3198	9	5
3199	3	1
3200	3	2
3201	1	1
3202	6	2
3203	6	2
3204	6	2
3205	2	2
3206	5	1
3207	6	0
3208	0	0
3209	0	0
3210	6	1
3211	4	1
3212	11	5
3213	6	2
3214	2	0
3215	6	2
3216	1	0
3217	7	2
3218	6	0
3219	1	0
3220	5	0
3221	6	3
3222	5	0
3223	9	2
3224	8	0
3225	6	2
3226	6	3
3227	1	0
3228	4	0
3229	2	1
3230	0	0
3231	0	0
3232	0	0
3233	6	2
3234	7	1
3235	8	3
3236	9	0
3237	1	0
3238	5	1
3239	8	4
3240	4	1
3241	3	0
3242	6	0
3243	7	2
3244	0	0
3245	9	3
3246	3	0
3247	3	0
3248	4	1
3249	6	0
3250	5	2
3251	6	1
3252	6	0
3253	3	0
3254	1	0
3255	7	1
3256	1	1
3257	5	1
3258	0	0
3259	0	0
3260	0	0
3261	3	1
3262	3	2
3263	1	1
3264	7	6
3265	6	1
3266	7	3
3267	2	0
3268	9	2
3269	5	4
3270	3	1
3271	5	2
3272	5	1
3273	3	1
3274	5	3
3275	4	0
3276	9	1
3277	10	1
3278	2	1
3279	5	1
3280	6	1
3281	9	2
3282	0	0
3283	0	0
3284	6	1
3285	2	1
3286	7	2
3287	4	2
3288	7	4
3289	3	0
3290	11	3
3291	5	0
3292	3	2
3293	4	0
3294	4	1
3295	2	0
3296	7	1
3297	6	3
3298	6	1
3299	11	4
3300	3	2
3301	3	1
3302	7	1
3303	3	0
3304	4	2
3305	0	0
3306	6	2
3307	6	1
3308	10	2
3309	1	0
3310	0	0
3311	4	3
3312	0	0
3313	8	2
3314	4	1
3315	0	0
3316	6	0
3317	3	0
3318	10	4
3319	6	0
3320	7	1
3321	4	0
3322	6	3
3323	0	0
3324	1	1
3325	1	1
3326	0	0
3327	2	0
3328	1	0
3329	7	3
3330	0	0
3331	3	0
3332	4	1
3333	5	0
3334	2	0
3335	11	6
3336	6	2
3337	6	3
3338	0	0
3339	4	0
3340	4	1
3341	2	0
3342	8	4
3343	8	4
3344	6	2
3345	4	1
3346	1	0
3347	4	0
3348	5	1
3349	6	0
3350	5	3
3351	5	4
3352	2	0
3353	6	3
3354	0	0
3355	1	0
3356	8	1
3357	4	1
3358	0	0
3359	0	0
3360	3	2
3361	4	2
3362	7	2
3363	6	1
3364	3	1
3365	1	0
3366	1	0
3367	2	1
3368	10	6
3369	8	1
3370	0	0
3371	5	2
3372	2	0
3373	9	2
3374	6	4
3375	5	1
3376	2	0
3377	0	0
3378	2	0
3379	9	1
3380	2	1
3381	5	3
3382	3	2
3383	2	0
3384	6	2
3385	2	0
3386	3	1
3387	5	2
3388	5	1
3389	6	4
3390	8	0
3391	3	0
3392	1	0
3393	5	3
3394	7	4
3395	7	3
3396	8	2
3397	4	2
3398	3	1
3399	9	1
3400	6	0
3401	3	0
3402	1	0
3403	8	4
3404	6	1
3405	5	3
3406	3	0
3407	1	0
3408	8	5
3409	3	1
3410	5	0
3411	5	3
3412	4	2
3413	3	2
3414	7	3
3415	0	0
3416	9	5
3417	3	1
3418	4	0
3419	2	1
3420	3	2
3421	8	2
3422	2	0
3423	6	2
3424	5	2
3425	3	0
3426	8	1
3427	6	0
3428	7	2
3429	3	1
3430	2	1
3431	3	1
3432	0	0
3433	6	3
3434	2	1
3435	11	3
3436	13	4
3437	2	1
3438	0	0
3439	11	1
3440	2	1
3441	6	2
3442	8	2
3443	3	0
3444	2	1
3445	3	0
3446	4	0
3447	3	0
3448	4	0
3449	8	4
3450	6	1
3451	1	1
3452	6	1
3453	2	0
3454	10	5
3455	0	0
3456	1	0
3457	8	3
3458	5	1
3459	3	1
3460	7	2
3461	13	1
3462	1	0
3463	2	0
3464	5	1
3465	11	7
3466	0	0
3467	6	1
3468	2	0
3469	0	0
3470	12	4
3471	4	2
3472	0	0
3473	3	0
3474	6	1
3475	0	0
3476	5	2
3477	7	1
3478	3	0
3479	2	0
3480	1	0
3481	6	1
3482	4	2
3483	6	0
3484	0	0
3485	10	6
3486	6	3
3487	0	0
3488	1	0
3489	9	1
3490	5	4
3491	4	1
3492	0	0
3493	0	0
3494	1	1
3495	11	1
3496	0	0
3497	1	0
3498	1	0
3499	4	2
3500	4	1
3501	0	0
3502	4	0
3503	5	1
3504	7	1
3505	4	0
3506	5	3
3507	6	0
3508	6	2
3509	6	6
3510	1	1
3511	8	2
3512	0	0
3513	9	1
3514	6	2
3515	4	1
3516	4	2
3517	6	1
3518	2	1
3519	9	3
3520	5	1
3521	6	1
3522	5	3
3523	7	2
3524	0	0
3525	4	3
3526	6	2
3527	4	2
3528	4	0
3529	5	3
3530	6	1
3531	3	2
3532	4	2
3533	9	3
3534	8	2
3535	3	0
3536	7	0
3537	9	4
3538	4	1
3539	7	1
3540	5	1
3541	7	1
3542	5	3
3543	9	5
3544	7	1
3545	5	3
3546	8	3
3547	12	6
3548	7	2
3549	2	1
3550	10	2
3551	3	0
3552	3	0
3553	4	2
3554	6	0
3555	5	1
3556	7	0
3557	8	2
3558	3	0
3559	1	0
3560	8	1
3561	1	1
3562	7	3
3563	10	3
3564	4	0
3565	2	1
3566	0	0
3567	8	0
3568	4	0
3569	2	1
3570	2	0
3571	5	1
3572	0	0
3573	4	1
3574	0	0
3575	3	1
3576	5	3
3577	8	3
3578	10	5
3579	11	4
3580	6	3
3581	4	1
3582	6	2
3583	5	1
3584	6	0
3585	2	0
3586	1	0
3587	3	0
3588	7	2
3589	6	4
3590	4	1
3591	1	0
3592	0	0
3593	1	1
3594	6	0
3595	0	0
3596	5	2
3597	5	1
3598	2	0
3599	5	1
3600	5	2
3601	6	3
3602	6	5
3603	3	0
3604	10	8
3605	5	1
3606	3	0
3607	7	2
3608	2	0
3609	9	2
3610	6	3
3611	5	2
3612	3	1
3613	3	0
3614	1	0
3615	4	3
3616	6	0
3617	9	3
3618	4	0
3619	2	2
3620	1	0
3621	0	0
3622	0	0
3623	3	0
3624	6	1
3625	1	0
3626	2	1
3627	8	0
3628	6	0
3629	3	2
3630	6	0
3631	5	1
3632	2	1
3633	5	2
3634	9	2
3635	7	1
3636	1	0
3637	4	0
3638	6	3
3639	6	4
3640	5	1
3641	5	2
3642	2	1
3643	8	4
3644	0	0
3645	3	3
3646	4	0
3647	5	4
3648	11	3
3649	6	0
3650	0	0
3651	4	0
3652	9	5
3653	3	1
3654	8	4
3655	3	1
3656	1	1
3657	0	0
3658	6	0
3659	1	0
3660	3	3
3661	1	0
3662	6	1
3663	2	0
3664	7	2
3665	4	0
3666	4	2
3667	6	0
3668	5	2
3669	0	0
3670	6	0
3671	2	0
3672	2	1
3673	6	2
3674	1	0
3675	3	2
3676	7	1
3677	4	1
3678	2	1
3679	6	3
3680	0	0
3681	1	1
3682	5	2
3683	6	0
3684	8	2
3685	0	0
3686	5	0
3687	4	2
3688	11	4
3689	1	1
3690	0	0
3691	1	0
3692	5	0
3693	7	1
3694	6	2
3695	4	2
3696	6	1
3697	4	1
3698	0	0
3699	6	4
3700	5	3
3701	3	0
3702	2	0
3703	0	0
3704	8	1
3705	1	0
3706	9	2
3707	1	0
3708	7	3
3709	9	1
3710	4	1
3711	0	0
3712	0	0
3713	2	0
3714	4	1
3715	5	1
3716	0	0
3717	2	2
3718	11	4
3719	0	0
3720	2	1
3721	0	0
3722	3	1
3723	3	0
3724	8	3
3725	3	0
3726	2	0
3727	9	5
3728	1	0
3729	3	1
3730	3	2
3731	5	2
3732	8	7
3733	5	3
3734	1	1
3735	6	2
3736	5	1
3737	4	1
3738	2	2
3739	3	1
3740	3	2
3741	9	3
3742	4	2
3743	3	0
3744	3	1
3745	0	0
3746	12	4
3747	9	2
3748	3	0
3749	1	0
3750	3	0
3751	4	1
3752	3	1
3753	8	0
3754	2	0
3755	2	0
3756	10	3
3757	5	0
3758	1	1
3759	7	2
3760	5	1
3761	2	0
3762	0	0
3763	0	0
3764	5	0
3765	8	0
3766	8	1
3767	5	0
3768	4	0
3769	0	0
3770	7	3
3771	1	1
3772	2	1
3773	7	3
3774	2	1
3775	7	1
3776	8	3
3777	7	0
3778	6	4
3779	6	1
3780	3	0
3781	6	1
3782	2	1
3783	3	1
3784	5	2
3785	2	0
3786	10	4
3787	0	0
3788	7	5
3789	2	1
3790	4	1
3791	9	3
3792	2	1
3793	6	1
3794	2	1
3795	8	3
3796	7	2
3797	0	0
3798	2	0
3799	5	3
3800	6	2
3801	4	1
3802	5	2
3803	7	2
3804	6	3
3805	11	2
3806	5	0
3807	4	2
3808	3	1
3809	7	1
3810	3	1
3811	2	0
3812	5	2
3813	7	3
3814	8	3
3815	4	1
3816	2	0
3817	0	0
3818	9	5
3819	6	4
3820	3	1
3821	10	4
3822	7	2
3823	7	1
3824	4	3
3825	3	0
3826	3	0
3827	7	2
3828	1	1
3829	12	3
3830	0	0
3831	6	2
3832	6	2
3833	4	2
3834	6	0
3835	1	0
3836	4	3
3837	2	0
3838	6	4
3839	5	0
3840	10	2
3841	4	1
3842	10	4
3843	9	6
3844	9	4
3845	9	1
3846	3	0
3847	5	4
3848	0	0
3849	7	2
3850	2	1
3851	2	0
3852	0	0
3853	1	1
3854	7	5
3855	6	2
3856	3	1
3857	10	0
3858	7	0
3859	8	3
3860	2	1
3861	7	4
3862	0	0
3863	1	0
3864	3	2
3865	2	1
3866	6	4
3867	0	0
3868	3	0
3869	4	1
3870	7	2
3871	2	1
3872	4	1
3873	0	0
3874	1	0
3875	8	2
3876	7	0
3877	4	0
3878	3	0
3879	5	2
3880	4	0
3881	0	0
3882	3	0
3883	5	1
3884	3	0
3885	4	0
3886	1	0
3887	4	2
3888	8	3
3889	3	2
3890	0	0
3891	1	0
3892	8	5
3893	5	2
3894	3	2
3895	0	0
3896	5	1
3897	5	2
3898	7	0
3899	9	5
3900	6	1
3901	4	1
3902	0	0
3903	3	1
3904	0	0
3905	3	0
3906	5	0
3907	5	1
3908	4	0
3909	1	0
3910	0	0
3911	6	2
3912	4	2
3913	0	0
3914	3	0
3915	1	0
3916	4	1
3917	4	4
3918	4	1
3919	3	2
3920	4	2
3921	2	0
3922	4	2
3923	0	0
3924	8	6
3925	2	0
3926	4	1
3927	0	0
3928	0	0
3929	5	0
3930	1	0
3931	5	0
3932	6	2
3933	4	2
3934	3	1
3935	1	0
3936	9	0
3937	4	2
3938	8	1
3939	5	1
3940	3	0
3941	7	2
3942	0	0
3943	6	3
3944	7	1
3945	4	3
3946	12	5
3947	6	1
3948	7	2
3949	4	2
3950	5	1
3951	2	0
3952	4	0
3953	8	3
3954	6	2
3955	5	2
3956	3	0
3957	3	1
3958	1	1
3959	4	1
3960	9	4
3961	5	0
3962	4	1
3963	8	4
3964	6	2
3965	5	2
3966	4	0
3967	5	0
3968	7	2
3969	4	1
3970	10	3
3971	9	6
3972	7	3
3973	4	1
3974	0	0
3975	2	2
3976	4	0
3977	3	1
3978	1	1
3979	8	2
3980	0	0
3981	8	1
3982	7	3
3983	6	0
3984	3	1
3985	0	0
3986	4	0
3987	4	1
3988	6	3
3989	8	2
3990	8	4
3991	6	1
3992	5	0
3993	3	2
3994	10	4
3995	3	1
3996	3	1
3997	6	2
3998	5	1
3999	8	1
4000	5	0
4001	0	0
4002	3	1
4003	0	0
4004	3	1
4005	5	2
4006	4	0
4007	3	3
4008	1	0
4009	5	3
4010	5	2
4011	8	4
4012	4	1
4013	10	3
4014	0	0
4015	0	0
4016	6	0
4017	7	1
4018	5	0
4019	1	1
4020	0	0
4021	10	2
4022	6	3
4023	2	1
4024	4	3
4025	2	1
4026	6	4
4027	7	3
4028	0	0
4029	0	0
4030	4	0
4031	7	3
4032	7	3
4033	9	2
4034	9	0
4035	8	3
4036	1	0
4037	8	2
4038	4	2
4039	2	1
4040	9	2
4041	5	1
4042	2	0
4043	5	2
4044	3	0
4045	5	2
4046	7	3
4047	6	3
4048	5	1
4049	1	1
4050	4	0
4051	0	0
4052	4	1
4053	1	0
4054	6	5
4055	1	0
4056	1	0
4057	1	0
4058	2	0
4059	5	4
4060	7	2
4061	6	3
4062	1	0
4063	5	2
4064	3	2
4065	3	2
4066	5	1
4067	3	0
4068	0	0
4069	5	2
4070	7	1
4071	0	0
4072	4	3
4073	4	0
4074	3	2
4075	0	0
4076	9	4
4077	10	1
4078	3	0
4079	3	1
4080	4	0
4081	6	4
4082	10	3
4083	3	0
4084	7	5
4085	5	0
4086	1	0
4087	6	3
4088	4	0
4089	3	0
4090	3	2
4091	3	1
4092	4	3
4093	1	0
4094	10	6
4095	4	0
4096	6	5
4097	7	1
4098	5	1
4099	10	2
4100	5	2
4101	4	1
4102	3	2
4103	1	1
4104	4	2
4105	5	1
4106	5	0
4107	9	4
4108	0	0
4109	3	1
4110	10	4
4111	6	1
4112	6	2
4113	6	2
4114	0	0
4115	5	3
4116	3	2
4117	1	1
4118	4	1
4119	4	2
4120	9	1
4121	5	1
4122	6	1
4123	7	3
4124	9	3
4125	1	0
4126	0	0
4127	8	3
4128	5	3
4129	2	0
4130	3	1
4131	8	2
4132	3	1
4133	7	4
4134	11	3
4135	0	0
4136	3	0
4137	2	0
4138	2	2
4139	9	4
4140	4	1
4141	10	1
4142	3	1
4143	7	0
4144	11	1
4145	0	0
4146	11	0
4147	7	0
4148	2	1
4149	1	0
4150	7	3
4151	5	2
4152	3	2
4153	8	4
4154	2	0
4155	2	1
4156	2	0
4157	3	1
4158	3	0
4159	6	4
4160	6	3
4161	8	4
4162	0	0
4163	0	0
4164	8	3
4165	5	0
4166	3	0
4167	6	2
4168	0	0
4169	5	1
4170	2	0
4171	6	0
4172	6	0
4173	4	0
4174	5	3
4175	4	0
4176	8	5
4177	3	2
4178	4	3
4179	0	0
4180	9	1
4181	0	0
4182	8	3
4183	7	1
4184	7	3
4185	5	0
4186	3	1
4187	3	0
4188	6	1
4189	2	0
4190	0	0
4191	10	2
4192	4	1
4193	0	0
4194	6	4
4195	0	0
4196	5	3
4197	7	2
4198	4	1
4199	10	5
4200	5	3
4201	4	2
4202	8	3
4203	7	4
4204	5	2
4205	5	0
4206	8	2
4207	2	0
4208	6	4
4209	6	1
4210	6	3
4211	9	4
4212	7	2
4213	2	0
4214	5	0
4215	4	1
4216	10	3
4217	2	0
4218	3	0
4219	0	0
4220	6	4
4221	11	3
4222	1	0
4223	9	3
4224	5	3
4225	4	1
4226	6	2
4227	4	2
4228	5	1
4229	12	2
4230	9	3
4231	5	1
4232	8	5
4233	0	0
4234	2	1
4235	7	0
4236	2	0
4237	1	0
4238	9	2
4239	6	1
4240	5	0
4241	7	1
4242	5	1
4243	0	0
4244	7	0
4245	1	0
4246	4	2
4247	4	0
4248	3	1
4249	5	1
4250	6	0
4251	1	0
4252	0	0
4253	4	1
4254	0	0
4255	8	2
4256	5	3
4257	9	1
4258	5	1
4259	7	2
4260	0	0
4261	4	0
4262	5	2
4263	7	4
4264	8	1
4265	3	0
4266	10	2
4267	1	1
4268	6	3
4269	7	0
4270	6	2
4271	4	2
4272	0	0
4273	6	0
4274	3	1
4275	6	2
4276	5	2
4277	3	1
4278	6	5
4279	1	0
4280	3	0
4281	8	1
4282	2	2
4283	6	1
4284	5	1
4285	7	4
4286	1	0
4287	5	0
4288	7	3
4289	4	2
4290	4	1
4291	4	1
4292	8	2
4293	1	0
4294	3	0
4295	10	2
4296	2	2
4297	8	6
4298	5	1
4299	8	5
4300	4	0
4301	5	0
4302	2	0
4303	3	0
4304	5	2
4305	2	0
4306	3	1
4307	9	1
4308	5	0
4309	5	1
4310	11	1
4311	5	1
4312	2	2
4313	7	1
4314	7	2
4315	3	1
4316	2	2
4317	0	0
4318	4	0
4319	3	0
4320	2	0
4321	0	0
4322	0	0
4323	6	1
4324	8	3
4325	5	3
4326	1	0
4327	2	1
4328	3	2
4329	10	1
4330	4	0
4331	1	0
4332	6	2
4333	2	1
4334	6	4
4335	4	1
4336	8	2
4337	10	5
4338	2	1
4339	5	2
4340	8	1
4341	10	3
4342	6	2
4343	0	0
4344	5	2
4345	3	0
4346	9	2
4347	4	1
4348	2	1
4349	2	0
4350	7	2
4351	2	0
4352	2	0
4353	5	2
4354	8	0
4355	4	1
4356	5	3
4357	3	0
4358	6	3
4359	5	2
4360	4	0
4361	9	2
4362	0	0
4363	3	1
4364	5	1
4365	11	6
4366	6	1
4367	2	2
4368	7	3
4369	7	3
4370	6	0
4371	4	2
4372	0	0
4373	5	0
4374	0	0
4375	10	2
4376	3	2
4377	6	1
4378	9	2
4379	2	0
4380	3	0
4381	1	1
4382	2	1
4383	9	5
4384	6	0
4385	7	1
4386	16	4
4387	7	0
4388	5	2
4389	3	2
4390	11	2
4391	10	5
4392	2	1
4393	0	0
4394	3	3
4395	6	3
4396	8	3
4397	5	1
4398	7	4
4399	4	1
4400	1	1
4401	3	1
4402	2	1
4403	1	0
4404	7	2
4405	6	1
4406	5	0
4407	10	6
4408	5	1
4409	7	1
4410	8	0
4411	7	2
4412	3	0
4413	1	1
4414	0	0
4415	6	2
4416	8	5
4417	3	0
4418	5	0
4419	1	0
4420	4	3
4421	6	1
4422	6	2
4423	5	2
4424	6	3
4425	3	1
4426	1	0
4427	2	0
4428	2	1
4429	5	2
4430	0	0
4431	2	0
4432	7	1
4433	2	1
4434	6	1
4435	9	4
4436	3	2
4437	2	1
4438	5	0
4439	5	1
4440	4	2
4441	2	0
4442	4	2
4443	12	5
4444	6	4
4445	1	1
4446	6	0
4447	8	3
4448	6	2
4449	6	1
4450	5	3
4451	2	0
4452	3	1
4453	3	1
4454	6	2
4455	2	2
4456	1	0
4457	4	4
4458	9	0
4459	0	0
4460	7	2
4461	10	4
4462	4	2
4463	7	2
4464	0	0
4465	5	2
4466	4	0
4467	4	0
4468	4	1
4469	5	0
4470	5	0
4471	1	1
4472	4	0
4473	1	0
4474	6	1
4475	6	0
4476	7	1
4477	4	1
4478	5	1
4479	5	1
4480	6	1
4481	7	4
4482	11	0
4483	3	1
4484	6	0
4485	3	2
4486	7	0
4487	4	1
4488	2	1
4489	3	0
4490	4	0
4491	6	1
4492	6	1
4493	4	2
4494	2	1
4495	8	1
4496	6	1
4497	8	3
4498	1	0
4499	6	3
4500	2	0
4501	8	3
4502	5	1
4503	11	2
4504	10	2
4505	2	1
4506	3	1
4507	3	0
4508	0	0
4509	8	5
4510	3	1
4511	3	0
4512	6	2
4513	1	0
4514	2	1
4515	2	0
4516	4	1
4517	3	2
4518	2	1
4519	2	0
4520	1	0
4521	0	0
4522	6	2
4523	2	0
4524	0	0
4525	3	2
4526	7	4
4527	7	0
4528	4	0
4529	4	1
4530	1	0
4531	0	0
4532	7	3
4533	2	0
4534	8	6
4535	0	0
4536	3	1
4537	4	2
4538	10	2
4539	7	2
4540	6	2
4541	10	2
4542	4	1
4543	1	0
4544	5	2
4545	3	1
4546	10	4
4547	7	3
4548	10	5
4549	7	1
4550	3	0
4551	0	0
4552	5	1
4553	1	0
4554	5	1
4555	8	1
4556	5	2
4557	9	2
4558	12	4
4559	2	0
4560	2	0
4561	1	1
4562	2	0
4563	7	3
4564	5	4
4565	7	1
4566	0	0
4567	3	1
4568	0	0
4569	11	4
4570	2	0
4571	4	0
4572	3	1
4573	4	1
4574	6	2
4575	3	1
4576	4	1
4577	2	1
4578	4	0
4579	6	1
4580	12	0
4581	6	0
4582	4	2
4583	4	0
4584	0	0
4585	0	0
4586	7	2
4587	4	1
4588	4	1
4589	2	0
4590	8	3
4591	11	9
4592	7	3
4593	7	0
4594	0	0
4595	0	0
4596	7	5
4597	0	0
4598	1	0
4599	2	2
4600	5	1
4601	6	2
4602	11	1
4603	5	1
4604	11	6
4605	1	1
4606	0	0
4607	5	1
4608	3	1
4609	4	2
4610	6	3
4611	4	2
4612	3	1
4613	4	1
4614	1	1
4615	3	0
4616	4	3
4617	0	0
4618	6	3
4619	1	0
4620	11	3
4621	4	1
4622	8	4
4623	3	0
4624	3	0
4625	3	2
4626	5	2
4627	4	2
4628	2	1
4629	2	0
4630	6	2
4631	3	2
4632	2	0
4633	3	0
4634	8	1
4635	10	1
4636	7	2
4637	7	5
4638	2	0
4639	4	0
4640	8	3
4641	5	2
4642	4	0
4643	7	2
4644	4	2
4645	10	3
4646	1	1
4647	3	0
4648	4	3
4649	1	1
4650	5	1
4651	0	0
4652	5	1
4653	5	1
4654	0	0
4655	0	0
4656	0	0
4657	4	4
4658	7	2
4659	6	0
4660	0	0
4661	0	0
4662	1	0
4663	4	0
4664	8	1
4665	6	2
4666	6	2
4667	7	1
4668	7	2
4669	3	1
4670	1	1
4671	3	1
4672	6	0
4673	7	1
4674	7	0
4675	8	2
4676	2	2
4677	3	0
4678	5	0
4679	7	3
4680	0	0
4681	2	1
4682	7	2
4683	6	4
4684	4	0
4685	3	1
4686	1	0
4687	5	3
4688	3	0
4689	0	0
4690	5	1
4691	3	0
4692	7	1
4693	2	1
4694	8	1
4695	0	0
4696	1	0
4697	4	0
4698	12	3
4699	2	0
4700	7	2
4701	1	0
4702	6	1
4703	4	2
4704	6	2
4705	6	0
4706	6	1
4707	4	2
4708	2	2
4709	0	0
4710	5	1
4711	3	2
4712	8	1
4713	1	0
4714	0	0
4715	0	0
4716	1	1
4717	8	4
4718	0	0
4719	4	1
4720	0	0
4721	2	0
4722	4	2
4723	8	1
4724	3	1
4725	6	1
4726	3	0
4727	2	0
4728	3	2
4729	1	0
4730	8	3
4731	1	0
4732	3	0
4733	2	0
4734	3	0
4735	6	3
4736	1	0
4737	4	1
4738	6	2
4739	4	2
4740	0	0
4741	10	2
4742	0	0
4743	6	1
4744	3	0
4745	5	2
4746	7	2
4747	0	0
4748	5	0
4749	4	1
4750	9	3
4751	7	0
4752	4	3
4753	9	3
4754	3	2
4755	4	0
4756	9	1
4757	4	1
4758	7	2
4759	1	0
4760	4	1
4761	9	2
4762	7	3
4763	1	1
4764	0	0
4765	9	2
4766	10	4
4767	1	0
4768	3	1
4769	2	0
4770	3	1
4771	4	3
4772	3	0
4773	5	1
4774	3	1
4775	9	0
4776	6	1
4777	7	1
4778	0	0
4779	5	0
4780	10	2
4781	2	2
4782	9	5
4783	1	0
4784	2	0
4785	5	1
4786	12	5
4787	1	1
4788	8	4
4789	4	1
4790	5	2
4791	4	2
4792	6	4
4793	9	2
4794	14	4
4795	9	3
4796	2	0
4797	7	5
4798	1	0
4799	3	2
4800	4	3
4801	2	0
4802	6	2
4803	7	4
4804	6	2
4805	4	0
4806	8	4
4807	1	0
4808	6	3
4809	7	1
4810	4	2
4811	5	1
4812	8	3
4813	1	0
4814	1	0
4815	8	3
4816	5	3
4817	4	0
4818	2	1
4819	4	1
4820	3	2
4821	1	0
4822	5	2
4823	0	0
4824	4	1
4825	2	1
4826	1	0
4827	4	2
4828	2	1
4829	2	0
4830	4	1
4831	1	0
4832	9	3
4833	7	3
4834	3	1
4835	3	1
4836	8	1
4837	10	2
4838	4	2
4839	8	0
4840	3	1
4841	7	3
4842	2	0
4843	2	1
4844	0	0
4845	1	0
4846	7	1
4847	0	0
4848	4	1
4849	3	1
4850	2	0
4851	7	1
4852	8	4
4853	11	2
4854	7	3
4855	5	0
4856	3	1
4857	0	0
4858	2	0
4859	2	0
4860	2	1
4861	5	1
4862	4	2
4863	7	3
4864	4	2
4865	9	3
4866	2	0
4867	6	0
4868	3	2
4869	1	1
4870	3	1
4871	1	0
4872	3	0
4873	5	1
4874	4	1
4875	10	4
4876	4	0
4877	3	2
4878	3	0
4879	0	0
4880	1	0
4881	7	2
4882	7	0
4883	3	3
4884	9	4
4885	9	3
4886	9	2
4887	5	2
4888	4	0
4889	4	1
4890	3	0
4891	10	1
4892	6	3
4893	0	0
4894	5	1
4895	1	0
4896	1	0
4897	3	1
4898	5	2
4899	0	0
4900	1	0
4901	7	2
4902	2	1
4903	1	1
4904	4	2
4905	5	3
4906	1	1
4907	4	2
4908	9	5
4909	6	0
4910	2	1
4911	4	2
4912	7	2
4913	1	0
4914	6	2
4915	5	2
4916	4	2
4917	0	0
4918	7	3
4919	3	2
4920	8	3
4921	11	2
4922	2	1
4923	3	3
4924	0	0
4925	6	2
4926	2	2
4927	5	2
4928	2	0
4929	4	1
4930	2	0
4931	3	0
4932	6	3
4933	1	0
4934	4	3
4935	0	0
4936	3	0
4937	7	2
4938	3	0
4939	7	3
4940	3	0
4941	3	1
4942	1	0
4943	1	0
4944	6	0
4945	8	3
4946	1	0
4947	5	2
4948	4	0
4949	10	6
4950	9	2
4951	9	2
4952	0	0
4953	4	3
4954	5	2
4955	6	2
4956	2	2
4957	3	1
4958	2	1
4959	1	0
4960	2	0
4961	9	1
4962	4	3
4963	8	3
4964	5	1
4965	4	2
4966	3	2
4967	9	4
4968	8	2
4969	2	1
4970	4	2
4971	5	2
4972	4	1
4973	2	1
4974	6	2
4975	2	0
4976	6	3
4977	3	0
4978	2	0
4979	1	0
4980	11	5
4981	3	0
4982	8	5
4983	14	3
4984	2	0
4985	4	1
4986	12	2
4987	1	0
4988	8	2
4989	8	2
4990	3	1
4991	2	2
4992	0	0
4993	10	3
4994	11	3
4995	5	1
4996	8	3
4997	6	0
4998	1	0
4999	4	1
